	BJ24L	BJ24S	KJ25L	KJ25S	KB14L	KB14S	KJ15L	KJ15S	BB24L	BB24S	BJ25L	BJ25S	KM14L	KM14S	KM15L	KM15S	BJ14L	BJ14S	KM25L	KM25S	BM24L	BM24S	BM15L	BM15S	BB14L	BB14S	KB15L	KB15S	KJ14L	KJ14S	BM25L	BM25S	KJ24L	KJ24S	BJ15L	BJ15S	BM14L	BM14S	BB15L	BB15S	KB24L	KB24S	KB25L	KB25S	KM24L	KM24S	BB25L	BB25S
"CBM11,GH51"	0.805	1.605	0.871	3.847	0	0.532	3.867	8.01	1.486	2.531	1.446	0.867	1.373	0.233	0.176	0.663	2.328	0	0.787	0.77	0.888	2.325	0.732	1.508	0.709	2.334	0.331	0.376	2.637	2.853	1.74	1.79	0.46	0.745	1.301	3.122	0	2.179	0.642	0	0.713	1.05	0.411	1.71	1.083	1.584	1.305	1.413
"CBM13,GH10"	0	1.575	0.634	0	0	0	3.755	0	0	0.922	0	0	0	0	0	1.206	0	0	0	4.675	0	0	0	2.22	0	0	0	6.852	0	0	0	0.983	0	0	0	1.022	0	0	0	1.156	0	0	0.748	0	0	0	0.475	0.611
"CBM13,GH39"	0	0	0	0	0	0	0	0.739	0	0	0	1.174	0	0	0	7.302	0	0	0	4.716	0	0	0	0	0	0	0	2.765	0	1.866	0	1.488	0	2.738	0	1.031	0	0	0	0.583	0	0	0	1.159	0	0	0	0
"CBM13,GH43"	0	2.027	0	1.139	0	1.612	0	0.665	0	4.604	0	1.013	0	2.824	0	1.005	0	0	0	8.137	0	0	0.649	1.848	0	0	0	17.298	0	0.56	0	3.868	0	4.673	0	2.166	0	0	0	1.924	0	1.241	0	0.957	0	2.041	0	0
"CBM2,GH5"	0	0	0	0	0.589	0	0	0	0	0	0	0	1.082	1.086	0	0	0.47	0	0	0.799	1.077	0	1.332	0	0	0	0.515	0	0.376	0	0	0	0.419	0	0.578	0.436	0.393	0	0	0	0	0.636	0	0	0	0.523	1.218	0
"CBM20,GH13"	0	0	0	0	0	0	0	0	0.572	0	0	0	0.318	0	0.965	0	0	1.107	0.632	0	0	0	0	0	0.341	0	0.454	1.033	0.332	0	1.288	0.741	0	0	0	0	0.694	1.167	0	0	0.723	0	0	0	0.631	0	0	0
"CBM20,GH77"	4.097	9.667	1.179	13.261	8.01	13.793	3.701	10.386	7.037	7.253	6.094	8.039	9.256	6.674	3.826	1.898	2.719	6.711	4.42	7.265	6.276	3.927	6.268	10.296	9.124	6.125	14.963	7.473	5.824	7.582	5.838	6.969	4.895	8.328	5.221	8.352	16.428	10.818	2.014	5.73	11.81	5.435	6.64	4.643	10.587	15.503	2.209	14.034
"CBM22,CBM6,CE1,GH43"	0.497	0.401	0.646	1.331	0	0.985	0	0.745	0	0.469	0.893	1.777	0	0.431	0	0	0	0	0	0	0.321	0	0.793	0.376	0.23	0	0.153	1.046	0.447	0	0.217	0.5	0	0	1.033	0.52	0	0	0.696	0	0.488	0.19	0	0.585	0.426	0	0.242	0.311
"CBM22,GH10"	0.335	2.855	1.116	2.121	0.427	0.664	0.644	1.67	0.865	3.566	0.543	7.077	0	2.666	2.549	3.165	0	0	0.519	8.565	0.832	1.025	4.996	1.737	0	1.113	3.625	10.397	3.845	0.809	0.529	3.133	1.87	1.31	0.464	1.687	0	0.531	0	0.179	0.705	0.548	1.563	0.711	0.287	0.42	0.921	1.645
"CBM22,GH43"	0.264	0	0.343	0.707	0	0.524	0	0	0	0	0.475	1.259	0	0.459	0.173	0	0	0	0	0.506	0.511	0	1.687	0	0	0	1.629	0	0	0	0.924	0.266	0.795	0.367	0.915	0.691	0.249	0	0	0.312	0.519	0.201	0	0.311	0.453	0.331	0.514	0.331
"CBM3,GH9"	1.371	1.662	1.119	9.23	0.431	2.634	4.117	3.876	0.703	4.789	1.427	12.387	1.005	1.534	0.721	20.734	1.154	1.378	0.729	41.929	1.513	0.961	1.581	6.362	0	0	1.398	44.357	3.142	4.403	1.507	15.372	2.276	17.727	1.012	9.366	1.779	2.191	2.389	1.761	0.846	1.958	3.955	10.947	1.472	3.141	1.646	8.828
"CBM30,GH9"	0	0	0	0	0	1.021	0	0.772	0	0	0	1.841	0	0	0	0	0	0	0	0	0	0	0.822	0.78	0	0	0	0.723	0.927	0	0.901	0	0.517	0	0.714	0	0	0	0	0	0	0	0	0	0	0	0.501	0
"CBM32,CBM51,GH31"	0	0	0.631	0.521	0.96	1.156	0.374	0	1.963	1.467	0	0	2.27	0	2.038	0.48	0.875	0	1.668	0.372	1.004	0.311	2.017	0.295	1.982	2.332	1.679	0.818	0.175	0	2.211	2.642	0.78	0.54	3.906	3.559	0.55	0.924	0.544	0	1.05	1.78	2.234	0.457	0.167	0.244	0.473	2.677
"CBM32,GH128"	0	0	0	0	0	0	0	0.651	0	0	0	0	0	0.753	0	0	0	0	0	1.662	0	0	0	1.315	0	0	0.535	3.958	0	0.548	0	0.874	0	0.603	0	0	0	0	0	0	0	0	0	1.021	0	0	0	0.543
"CBM32,GH2"	0.172	3.534	0	3.539	3.54	3.052	1.549	3.977	1.722	3.661	0.921	8.861	2.774	4.603	2.09	1.958	0.192	0.516	2.328	4.18	4.096	5.949	3.39	4.12	1.202	2.788	0.865	1.798	1.479	1.189	2.846	3.024	1.696	4.167	2.141	3.666	2.937	4.131	0.768	0.427	3.272	5.23	0.551	2.239	3.048	5.978	0.184	2.477
"CBM32,GH29"	2.923	0.673	1.476	1.117	4.199	1.35	0.327	0.625	3.028	1.285	1.499	0	1.524	0.296	1.539	0.841	1.237	0.512	3.053	0	1.418	1.756	1.753	0.516	1.334	0	4.158	0.478	1.058	0	1.758	1.448	1.179	0.237	3.515	2.16	1.284	0.27	0.953	0	5.058	0.52	0.522	0.801	1.186	0	2.286	1.918
"CBM32,GH43"	9.406	12.602	3.043	34.81	15.23	24.469	20.105	26.319	5.937	27.51	11.161	31.626	21.335	26.304	7.204	21.141	10.638	13.671	13.938	29.659	14.649	20.532	8.675	19.625	22.813	39.197	9.454	13.992	15.304	26.481	12.434	14.635	12.168	19.268	12.337	19.892	17.939	27.954	11.373	6.556	15.144	20.699	9.23	8.59	14.545	25.539	11.949	25.112
"CBM32,GH55"	0	0	0	0	0	1.167	0	0	0	2.222	0	2.339	0	0	0	0.97	0	0	0	4.509	0	0	0	0.595	0	0	0	7.711	0	0.496	0	2.173	0	4.091	0	1.232	0	0	0	0.464	0	0	0	1.847	0	0	0	0
"CBM32,GH85"	0	0.288	0.232	0.239	0.252	0.354	0	0.803	0	0.337	0	0	0.154	1.549	0.585	0.441	0	0	0.306	2.05	0.461	0.571	0	0.27	0.165	0	0	0.25	0.161	0.451	0	0.539	0	0.496	0	0.373	0	1.413	0	0.211	0.175	1.089	0.273	0	0.382	4.03	0	0.223
"CBM34,GH13"	0	0.749	0	0	0	0	0.949	1.847	0	0.932	0.887	1.73	0	1.612	0	4.051	0	0	0.847	1.769	0	0.986	0	2.384	0.43	0	0	1.515	0.836	0.293	0	0.964	0.495	0.686	0.854	2.944	0	0.782	0	0	0	0.94	0	0	1.324	2.319	1.679	1.933
"CBM35,GH26"	1.689	4.753	3.493	9.061	1.107	3.371	8.562	12.606	3.913	4.95	1.142	6.207	0.644	7.219	3.994	7.679	5.212	2.086	1.322	3.898	3.532	1.378	1.791	2.009	3.742	8.211	1.41	8.491	5.42	7.785	8.184	4.319	2.891	2.982	3.896	2.66	4.231	8.269	0.877	3.383	2.55	5.452	0.808	3.35	6.549	5.265	3.01	2.044
"CBM35,GH27"	0	0.975	0	1.363	0.291	2.397	0	1.813	0	1.92	0	1.212	1.427	1.049	0	0	0	0.62	0.708	0.79	0	0	0	0.625	0.84	1.208	1.119	0.848	0.743	0.521	0	1.647	1.021	0	0	2.56	0.389	0	1.733	0	0	1.845	0	0	1.768	1.276	0	0
"CBM35,GH43"	0.822	0.768	1.19	3.147	0.742	0	4.099	2.585	2.992	2.251	1.451	3.468	4.363	1.014	3.336	3.539	2.534	1.984	1.914	1.052	2.615	1.492	1.012	5.296	5.295	2.015	1.214	5.126	1.681	3.041	1.282	2.875	3.215	3.594	2.632	1.736	2.308	5.49	0.769	1.518	1.153	2.992	2.093	2.997	2.946	6.194	1.916	2.48
"CBM35,GH76"	0	0.945	0.761	2.718	0	0	0	0.878	0	2.977	0	0	0	0.508	0	0	0	0	0	1.898	0	1.406	0	0	0.376	0.811	0	0.822	0.365	0	0	0	0	0.814	0	0.425	0	0	0	0	0	0	0	0	0	2.121	0	0
"CBM35,GH97"	0	0.362	0	0.901	0.317	2.001	0	1.009	0	0	0	1.069	0.679	1.168	0	1.108	0	0	0	2.791	0.29	1.076	0	1.359	0.312	1.121	0	0.315	0	0.567	0	0.677	0	0.623	0	0.117	0.423	1.954	0.314	0	0	0.684	0.516	0	0.673	4.221	0	0.281
"CBM35,GH98"	1.089	1.053	0.283	1.749	0.921	0	0.418	0	0	0	1.564	0.778	0.941	0	0.856	0	0.245	0.327	0.373	0.417	1.685	3.133	0.869	0.659	0.202	0.435	0	0	0.98	0	0	1.095	1.31	0.605	0.603	0.455	0.205	1.034	0	0	0.641	0.664	0.333	0.512	0	1.638	0.212	0
"CBM36,GH11"	1.109	0	1.445	0.436	0.651	0.78	2.808	1.872	0.506	1.219	1	0.55	1.122	4.42	0.847	0	1.069	0	0	1.767	1.437	0	0.737	2.385	1.203	1.291	0	0	2.702	0	0	2.098	0.463	0.898	0.895	0.653	2.83	0.516	0.456	0.546	2.202	1.201	0	0.767	0.559	2.411	0	1.795
"CBM38,GH32"	0.564	2.728	0.732	1.357	0	0	1.726	0.501	0	1.064	0	1.07	1.797	1.739	1.614	4.951	0	0	0	8.952	0.431	0	0	0.854	0	0	0	0	1.015	0	0.584	6.723	0	0.784	0.463	0.349	0	0	0	0	0	1.721	0	0.786	0.769	2.895	0	0.706
"CBM4,GH10"	0	0	0	0	3.312	1.551	0.501	0	1.621	0.492	0	0	0.451	0	0.342	0	0	0	0.224	0	0	0	0	0.79	0.725	0	1.93	0	0.235	0	0.456	0	0.262	0	0	0.546	0	0	0.73	0.771	1.024	0	1.998	0.614	0	0	0.127	1.796
"CBM4,GH16"	0	2.416	0	0	0.631	5.2	0	0	0	0	0	0	0	0.654	0.914	3.586	0	0	0	0.712	0.901	0	3.143	0	0	0	0	1.044	0	0	0	0.702	0	0	0	0.778	0	0	0	0	1.47	0	0	0	1.364	0.876	1.593	1.31
"CBM4,GH5"	0	0	0	1.109	0.292	0	2.388	3.723	0	1.551	0.739	0	0.179	2.152	0	0.508	1.865	0	0	1.58	0	0.986	0.661	0.627	1.527	1.233	0	1.158	1.488	3.661	0.719	1.655	1.858	2.003	1.147	0	0	0.651	0.575	1.459	0	1.254	0	0.967	0.355	1.813	0	0.515
"CBM4,GH9"	0	0	0	1.278	0	0.946	0	0	0	0	0	1.137	0	0	0	1.178	0	0	0	0.913	0	0.763	0.762	0	0.442	0	0	0.669	0.429	0	0.835	1.921	0	0	0	2.994	0	0	0	0	0	0	0	0	0	0	0	1.194
"CBM48,GH13"	1.158	1.914	1.301	9.905	5.302	7.034	9.999	9.102	0.904	4.449	0	6.625	3.537	8.61	3.768	1.641	4.876	3.743	3.92	4.272	3.653	6.027	5.215	5.024	4.104	4.982	8.577	4.562	9.488	3.025	4.406	7.613	4.5	5.541	6.941	5.316	2.818	11.285	1.971	5.391	4.374	3.446	3.639	2.967	6.424	3.05	3.443	7.07
"CBM50,GH23"	2.387	1.361	0	4.93	3.313	1.424	6.767	1.307	1.882	0.904	2.262	2.585	2.931	2.721	1.074	4.064	1.903	4.373	3.306	0.797	3.388	5.885	3.59	2.03	4.355	5.241	1.052	2.83	1.095	2.615	2.988	1.553	1.699	4.504	2.477	1.546	3.215	3.662	1.49	1.605	2.756	1.54	1.682	2.62	3.961	5.162	2.826	1.171
"CBM50,GH25"	46.777	5.799	1.113	6.882	0	0	0	0	2.342	2.844	1.354	0	3.91	1.308	7.407	1.862	0	0	1.94	0	0	1.37	3.153	0	2.285	0	0	0	2.035	0.952	0.699	0	0.756	0	1.044	0.788	1.421	3.581	10.19	1.52	0	0	1.312	1.008	3.23	1.891	2.399	0
"CBM51,GH27"	2.035	1.757	0	0.728	1.722	0.81	0.521	1.223	0	1.281	0.487	1.948	0.703	0.473	0	0	0	0.408	1.163	0	0.702	1.307	0	1.238	0.502	1.356	2.677	0.764	0.734	0	0.474	0	0.816	0.377	0.376	0.855	0.256	0	0.759	0.321	1.331	1.658	1.246	0	0.465	0	1.055	0.679
"CBM57,GH137,GH2"	0.179	1.731	0	0.24	0.379	1.406	0	1.861	0.557	2.346	0.644	0.425	0.153	1.542	0.235	0.438	0	1.2	0	1.698	0	0.851	0	1.075	0	0.354	0.22	0.622	0.161	0.672	0	0.179	0.538	0.246	0.987	1.493	0.338	1.685	0.373	0.105	0.35	0.544	0.821	0.835	0.307	0.225	0	1.785
"CBM57,GH2"	0.728	0.391	0	0	0.684	0.48	0.466	0.363	0	0	0	0	0.629	0	0.318	0.599	0.546	0	0.416	0	0.782	0	0.387	1.101	0.449	0.484	0.299	0.34	0.436	0	0.424	0	0.243	0.337	0	1.268	0.343	0	0.339	0	1.071	0.37	0	0	1.246	0.608	0	0
"CBM58,GH13"	2	2.832	1.614	0.912	4.05	4.217	0	2.377	2.498	5.252	0.954	2.289	5.832	4.489	1.235	3.633	1.676	2.21	0.924	0	4.064	2.352	3.401	1.189	1.13	7.945	0	0.867	1.577	2.354	3.873	1.716	3.542	0.873	1.605	0.563	4.956	3.005	3.016	0	3.546	5.984	1.765	0	2.259	8.855	1.787	0.858
"CBM6,CE1,GH43"	4.354	1.711	0	0.857	5.848	1.25	0.601	0.945	2.293	0.805	2.297	2.021	9.785	1.086	1.665	2.073	1.43	0.634	1.996	1.623	3.566	1.008	3.221	1.285	3.841	0.426	7.089	3.577	2.74	0.538	4.977	0.742	2.115	0.296	2.645	3.567	7.917	0.991	1.188	1.26	3.514	0.975	3.428	0	2.546	2.387	1.343	2.93
"CBM6,GH10"	3.393	24.429	10.404	27.437	5.42	13.281	33.422	34.019	7.936	13.273	12.906	15.845	9.797	17.675	8.862	7.99	15.05	11.168	4.59	8.164	9.316	10.725	11.548	14.264	7.534	8.967	10.24	8.518	17.288	17.241	9.562	9.995	8.87	9.691	15.244	15.995	5.623	8.722	6.701	2.833	7.358	13.658	6.636	5.075	11.181	18.528	12.041	12.583
"CBM6,GH11"	0	1.413	1.992	2.347	0	0.869	7.581	4.599	0	0.413	0.394	1.828	0.379	1.839	0	0.541	0.987	0	0	2.028	0	2.882	0	1.365	0	1.862	0	1.743	0.789	3.905	0	1.323	0.44	0.93	0	0.458	0	0.984	0	0.518	0	0	0	0	0	1.68	3.801	1.327
"CBM6,GH141"	0.425	0	0.551	1.136	0.299	0	0	0	0	0.8	0	0	0.367	0.736	0	0	0.478	0	0	0	0.548	1.357	0	0.643	0	0	0	0	0	0	0	0.427	0.851	0	0.294	0	0	0	0	0	0	0	0	0.998	0	0.532	2.063	0.531
"CBM6,GH27"	0	0	0	1.107	0.583	0	1.589	3.131	0.642	4.447	0.743	0	1.43	3.373	2.195	2.042	2.188	0	0.709	2.256	0.534	0.331	0	1.692	0.383	0.826	0.51	0.87	1.377	1.058	1.085	0.416	0	2.686	0	0	0.195	3.422	1.446	0.489	0.406	1.483	0.633	0	1.542	0.35	0.804	0.699
"CBM6,GH3"	0	0.394	0.317	0.327	0	0	0.469	0	0	0	1.316	0.582	0.422	0.424	2.24	2.413	0.55	0.367	0.419	0.467	0	0.781	2.144	0.37	0	0.488	0.904	0.343	0	0.308	0	0	0.245	0.17	0	0.255	0.691	0.58	0	0	0	0	0.374	0.575	0	0.306	0	0
"CBM6,GH30"	0.911	0.734	1.399	2.437	0	0	2.508	1.986	0.967	0.783	0	1.578	0.897	3.379	1.14	0	0.512	0	0	1.589	0.536	0.728	0	0.629	0.384	0	0	0	1.602	2.56	0	1.67	0.872	0.576	0.287	0.476	1.173	0.657	0.581	0.245	0.407	0.633	0	0	1.101	1.402	0.664	1.843
"CBM6,GH39"	0.678	1.092	0.879	0.227	0	0.671	0.976	0	1.315	1.277	0	2.622	0	0.588	0.444	0	0	0	0	0	0.437	1.083	0	0	0	0.677	0	0.237	0.914	0	0	0.341	0	0	0	0	0	0	0	0	0	0	0.519	0	0.29	0.212	0	0.212
"CBM6,GH43"	27.398	41.001	15.656	56.666	23.603	51.719	43.504	75.643	23.36	49.705	32.12	33.868	46.41	59.625	37.674	48.221	20.49	26.805	20.178	84.178	36.142	50.623	28.918	62.616	53.523	60.383	25.869	55.424	37.816	59.146	44.424	65.398	23.523	49.183	25.13	69.97	23.423	47.216	13.397	15.775	41.738	53.254	14.943	22.628	39.388	60.299	18.735	45.851
"CBM6,GH43,GH97"	0	0	0.634	0.327	1.549	0	0.469	0	0	0	0	0	1.055	0	0.32	0.603	0	0	0	0	0.63	0	0	0	0.226	0	0.903	0.684	1.317	0.308	0.427	0.246	0.489	0.678	0.338	0	0.46	0	0	0	1.437	0.372	0.374	0.574	0	0	0.475	0.305
"CBM6,GH5"	0.291	0	1.525	4.396	1.315	0.814	4.678	5.358	0.451	0	0.343	1.956	2.4	1.375	1.262	0.718	2.246	0.617	0	0.786	2.358	0	0.928	0	0.919	0	0.759	0	2.001	3.592	0.763	1.153	0.704	0.531	0.403	1.467	0.36	1.3	0	0.485	0.571	0	0	0	1.309	0.365	2.313	0.514
"CBM6,GH76"	0	0.831	0	0	0	0	0	0	0	0	0	0.614	0	1.341	0	0	0	0	0	0	0	0.412	0	0	0.954	0	0	0.361	0	0	0	0.518	0	0.716	0	0.808	0	0	0	0	0.506	0	0	0	0	0	0	0
"CBM61,GH128"	0.245	1.184	0	0.655	0.345	0.97	0	0.734	0.38	0.231	0	0.583	0	0.212	0.321	0	0	0	0.42	0.937	0.316	0.391	0.391	0.371	0.907	0	0	0.687	0	0.927	0.428	0.246	0.246	0.34	0	0.512	0.692	0	0.343	0	0	0.56	0	0	0	0.461	0	0.613
"CBM61,GH43"	1.197	3.732	0	10.111	0.592	2.079	0.806	7.229	0.652	5.428	2.638	5.233	0.725	4.394	0.276	12.864	0.472	1.582	0.72	12.112	0	0.671	3.811	7.127	1.752	4.616	0	15.363	0.755	4.085	0.734	10.791	0.423	12.014	1.162	6.377	1.186	0.664	0	0.248	0.412	4.846	0.646	3.802	0	2.111	0	2.551
"CBM61,GH53"	0	0	0	1.264	0	0	0	0.708	0	0	0	0.563	0	0.819	0	0	0	0	0	0	0	0	1.507	0	0	0	1.165	0	0.637	0	0	0	1.421	0	0.654	0	0	0	0	0.558	0	0	0	0	0	0	0.459	0
"CBM66,GH51"	0	0	0	0.569	0.4	1.685	0	0	0	0	0	0	0.735	1.476	0.371	0.7	0	0	0	0.542	0.732	0.227	0.452	0.859	0	0.566	0	0.398	0	0	0	0.57	0	0	0	0.296	0.534	0.449	0	0	0	1.729	0	0	0.607	2.133	0	0.355
"CBM67,GH139"	0.45	0	0.292	0	0	0	0	0	0	0	1.211	0	1.749	0	1.325	0.555	0	0	1.157	0	0.29	0.36	0.897	0	0.833	0	0.139	0	0.405	0	3.146	0.226	0.451	0	0.623	0	1.059	0	0	0	0.993	0	0	0	0.193	0.564	0	0
"CBM67,GH139,GH78"	0.364	0.44	0.236	0.244	0.514	0	0.525	0.409	0.283	0	0	0	0.315	0	0.954	0	0	0	0	0.697	0	0	0.145	0.276	0.506	0	0	0	0.492	0	0.637	0	0	0.253	0.252	0	0.944	0.577	0	0	1.252	0.555	0	0	1.404	1.142	0.177	0
"CBM67,GH31"	0	0.552	0	0.458	0	0	0	0.513	0	1.291	0	0.408	0.296	0.594	0.448	0	0	0	0	0	0.442	0.547	0	0	0.317	1.367	0	0	0	0	0	0.689	0	0	0	0	0	0	0	0	0	1.566	0.524	0.805	0	0.429	0.166	0
"CBM67,GH78"	21.247	22.439	10.322	28.319	23.127	29.705	16.019	20.522	13.506	18.863	19.268	24.609	15.428	26.128	11.331	15.057	15.843	11.333	8.749	28.285	19.407	14.099	14.886	24.67	32.666	32.897	36.937	14.16	21.95	21.026	11.818	22.073	17.549	12.725	16.596	23.625	19.684	20.266	13.132	8.684	20.444	27.762	18.04	9.518	21.523	28.751	17.293	33.978
"CBM72,GH5"	1.698	5.105	0	2.795	0	2.832	0.759	2.556	0.613	0	0.709	0.47	0.571	3.879	2.245	0.996	0.444	1.983	1.354	1.543	1.681	1.262	0.63	1.998	0.366	1.428	0	2.121	3.532	4.245	0.69	1.006	2.375	1.425	0.547	2.644	1.116	6.838	1.076	1.247	0.775	2.421	1.827	0	1.353	0.99	0.384	0
"CBM78,GH5"	0	0	0	1.319	0	0	0	0.739	0	0	0	0.881	0	0.855	0.646	1.217	0	0	0	0	0	0	0.786	0.746	0	0.985	0.608	0.691	0	0	0	0.992	0	0	0	0.515	0	0	0	0	0.484	0.752	0	0	0	0	0	0
"CBM9,GH10"	0	0.629	0	1.306	0	0	0.375	0.878	0	0.368	0	0.465	0.169	0	0.256	0.482	0	0.587	0	0.747	0.252	0.624	0	0.296	0.181	0	0.481	0.547	0.878	0.739	0.341	0.589	0.587	0	0	0	0.552	0.773	0	0.462	0.192	0.298	0	0	0	0.245	0	0
"CE1,GH10"	15.727	13.002	3.731	19.545	19.493	10.121	12.639	13.317	11.784	15.173	15.824	10.346	23.939	13.64	12.612	12.384	8.316	7.613	10.456	27.216	19.846	15.427	21.054	13.264	16.156	16.344	15.892	11.736	14.738	10.635	17.674	12.812	7.885	14.43	17.733	16.479	14.258	17.068	8.635	2.641	21.212	13.225	10.771	6.856	18.68	22.171	5.294	14.453
"CE1,GH43"	0.94	2.436	0	1.27	0.683	1.881	1.229	1.06	2.517	0.402	0.604	2.874	1.779	2.455	1.193	0.79	0.753	0.481	0.831	1.279	1.021	1.813	1.159	1.1	1.893	3.175	3.56	0.812	0.981	2.14	0.373	0.768	0.491	0.592	0	0.992	0.831	0	2.216	0	1.07	2.481	2.233	1.943	0.494	1.203	0.236	4.357
"CE10,GH26"	0	0	0	0	0	0	0	0	0.727	0.588	0	0	0	0	0	0	0	0	0	0	0	0	0	0	0.289	0.623	0.385	0	0	0	0	0	0	0	0	0	0	0	0	0	0.306	0	0.239	0	0	0	0	0.39
"CE10,GH43"	0	3.4	0	0.706	0	0	1.013	0.79	0.848	0.995	0	0	0.928	0	0	0	0	0	0	0	1.045	0	0	0	1.247	0	0	0	0.474	0	0	0.265	1.096	0	0	0.276	0.515	0	0	0	2.95	0.402	0	0	0.936	0.992	1.556	0
"CE10,GH97"	0	0	0	0	0.337	0	0	0	0	0	0	0	0	0	0	0	0	0	0	0	0	0	0	0	0.221	0	1.473	0.67	0	0	0.418	0	0.12	0	0	0	0	0	0.334	0	0	0	0	0.562	0	0	0	0.299
"CE12,GH43"	0.408	1.105	0	0.459	3.831	0	0	1.079	0.316	0	0.981	0	0.444	0.327	0.224	0	0.386	0	0	2.164	1.327	1.096	0.82	0.519	1.314	0.685	3.22	0.457	0.647	0	2.098	1.793	0.687	0	1.661	0.717	0.646	0	1.055	0	1.123	0.932	0.814	0	1.175	0.43	0.396	1.153
"CE15,GH16"	0.82	0	0	0	0	0	0	0	0	0	0	0	0	0	0	0	0.922	0	0	0	0	0	0	0	0.759	0	0	0	0	0	0	0	0	1.138	0	0.857	0	0	0	0	0	0	0	0	0	0	0	0
"CE15,GH28"	0.31	0.5	0.402	0.622	0	0.614	0.595	0.929	0.481	0	0	0	0	0	0	0	0	0	0.531	0	0	0.991	0	0	0.287	0	0	0.435	0	0.391	0	0	1.398	0	0	0	0.584	0.245	0	0	0	0.473	0.475	0	0	0	0.904	0.388
"CE15,GH39"	1.173	0	0.338	0	1.47	0.516	0.501	0.391	0.809	0.492	0.936	0.621	2.027	0	0	0	0	0	0.447	0.997	0	0	0.624	0	0.483	0	1.607	0	0	0	0.456	0.524	2.091	0	1.444	0	0.491	0.413	0.365	0	0.767	0.397	0.998	0	0.67	0.49	0.507	0.163
"CE15,GH97"	0.747	0.788	0.459	0.677	1.477	2.089	0.34	0.732	0.407	1.416	0.47	0	2.553	1.695	0	0	0	0	0.606	0	0.794	0.419	1.546	0.268	0.485	0	1.413	0	0.599	0	1.701	0.263	0.709	0	0.852	0.644	0	0	0.613	0	5.778	0.938	1.457	0	0.561	0	0.73	0.939
"CE3,GH5"	0	0	0	0	0	0	0	0.522	0	0	0	0.829	0	0	0	0	0.783	0	0	0	0	0	0	0	0	0	0	0	0.626	0	0	0	0.698	0	0	0.728	0	0	0	0	0	0	0	0	0	0.873	0.677	0.871
"CE4,GH11"	0.345	0	1.015	0.925	0	0	0.664	0.518	0	0.651	0.62	1.851	0.755	0.599	0.905	0	0	0	0	1.671	1.127	1.397	1.67	1.584	0.48	0.872	0	1.211	1.49	0.436	0	0.347	0	1.213	0	0.361	0	0.691	0	0.516	0.339	0	0	2.054	0.296	1.745	0.672	0.864
"CE4,GH53"	0	0.638	0	0	0	3.918	0.38	4.741	0	0	0.71	1.413	0	0	0	0	0	0	0	0	0	0	0	0	0	0	0	0	0	1.997	0	0	0	0	0	0	0	0	0	0	0	0.603	0	0.93	0	0	0	0
"CE4,GH9"	3.652	2.847	2.272	1.077	1.23	3.324	2.82	1.705	2.911	1.6	4.225	4.193	4.847	0.504	2.245	0	0.337	0	1.984	0	2.144	0.232	4.316	0	3.808	0.533	5.176	0.361	2.237	2.129	3.755	1.995	3.327	4.335	2.628	3.925	5.267	2.752	2.012	0	4.27	1.072	0	0.342	1.778	1.01	3.907	2.744
"CE6,GH10"	0	0.434	0.349	0	0	0.533	0	0	0.209	0.507	0.483	0	1.162	0	0	0	0	0	0	0	0	0	0	0.407	0.996	0	0	0	0.242	0.34	0.47	0.271	0.27	0.374	0.372	0.281	0	1.278	0.376	0	0	0	0.412	0	0.23	0	0.262	0.337
"CE6,GH3"	0	0	0	0	0.529	0	0	0	1.165	0	0	0	0	0	0	0	0	0	0	0	0	0	0	0	0	0	1.85	0	0	0	0	0	0	0	0	0	0	0	0	0	0	0	0.575	0	0	0	0	0.939
"CE6,GH51"	1.584	0.574	0.925	3.946	1.186	1.02	10.151	5.072	0.737	0.448	0.853	1.744	0.41	0.447	0.959	0.635	2.182	0.744	0	0.927	0.613	1.898	0.821	0.359	2.364	2.057	0.732	1.416	1.237	3.173	0.623	0.239	0.972	1.787	0.356	1.324	0.709	1.363	0.692	0.585	1.302	2.233	2.06	0	3.39	5.582	1.654	1.907
"CE7,GH5"	1.254	0.903	1.619	1.155	1.208	0.288	1.037	0	1.317	1.628	1.247	0.996	0.871	1.463	1.121	0	0.607	0.811	0.242	0	0	0.464	0	0.66	2.484	2.845	1.225	0.407	1.795	1.065	0.254	0.438	0.966	2.19	3.284	0.304	1.62	0.448	1.322	1.03	2.208	0.855	1.705	0	3.99	1.371	1.357	0.545
"CE8,GH43"	0.181	6.127	0	2.18	0	0	0	0	0	0.683	0.65	0.862	0.156	0.628	0.474	0.894	0	1.631	0	2.77	0	0.579	0	0	0	0	0	1.269	0	0.914	0	0.364	0	0.503	0	0.378	0	0	0	0	0	0.552	0	0	0.31	0.681	0	0.906
GH1	13.931	12.41	13.437	17.953	3.628	38.734	13.752	16.346	4.635	13.369	14.117	47.104	16.889	15.71	29.5	46.178	10.391	6.236	21.609	22.71	22.223	6.696	30.147	18.383	11.727	7.974	20.834	18.924	15.899	20.444	13.949	23.525	18.426	8.972	15.291	20.746	22.835	17.103	13.558	8.282	10.713	9.204	7.616	6.823	17.069	26.539	12.382	18.246
GH10	107.323	214.138	66.39	257.329	208.411	198.867	209.411	255.973	139.082	178.407	112.999	235.493	228.471	216.088	146.755	282.877	124.054	83.402	115.899	328.318	203.9	205.662	171.693	247.042	202.415	201.726	228.136	287.843	201.558	197.043	194.676	236.757	142.38	193.707	148.107	217.566	163.107	227.293	72.721	75.496	184.742	175.428	143.68	113.885	148.142	234.302	126.194	213.165
"GH10,GH43"	0	0	0	0	1.061	0	0	0	0	0	0	0	0.52	0	0	0	0	0	0	0	0.388	0	0	0.911	0	0	0	0	0.677	0	1.052	0.605	0.603	0	0	0.315	0	0	0	0	2.362	0.459	0	0	0.258	0.377	0	0
GH102	8.738	1.515	4.373	1.415	6.734	4.038	3.423	4.899	6.912	4.616	0	1.911	3.711	3.634	9.996	1.988	6.27	0	14.089	2.398	4.062	0	5.699	1.608	5.321	2.226	2.89	3.497	3.293	4.561	18.711	2.085	6.499	6.688	8.263	1.31	5.788	2.682	3.222	4.855	6.981	5.479	0.585	1.612	3.971	1.938	2.16	2.897
GH103	9.764	6.666	12.327	18.441	0	4.346	21.631	25.513	7.032	9.426	6.51	3.066	3.906	0	0	3.385	11.329	0.796	14.687	7.4	5.874	3.869	12.547	1.112	5.496	19.843	4.076	12.258	11.297	8.228	18.484	4.462	4.501	18.471	9.731	11.864	1.935	5.424	2.351	7.829	9.632	5.72	3.198	4.58	10.78	4.539	4.406	2.541
GH104	0	0	0	0	0	0	0	0	0	0	0	0	0	0	0	0	12.187	0	0	0	0	0	0	0	0.526	0	5.386	0	3.069	0	0	0	5.249	0	0	0	1.974	0	0	0	0	2.782	0	0	0	0	0	0
GH105	148.628	218.225	77.773	175.73	274.702	227.174	107.405	164.62	140.818	137.845	157.472	141.807	213.985	182.881	123.617	89.953	60.415	84.392	101.984	154.13	149.371	177.103	147.235	157.699	202.249	154.467	278.684	245.411	190.917	108.558	185.649	154.708	135.781	131.16	125.335	157.49	177.127	118.479	143.146	69.448	234.922	164.829	162.678	91.217	127.252	164.012	103.652	253.345
"GH105,GH154"	0	0	0	0.53	0.402	3.14	0	0	1.058	0.747	0	0	0.247	2.062	0	0	0	0.595	0	0	0.368	0.633	0.455	1.032	0.447	0.792	0.528	0	0.613	2.001	0	0.287	0.286	1.1	0	2.138	0	0	1.352	0.337	0.56	1.341	0.437	0	0	0	0	1.21
"GH105,GH28"	5.377	8.124	2.2	9.05	16.876	11.501	5.861	6.518	8.861	9.988	2.595	5.263	9.034	6.313	4.453	7.209	1.498	2.085	4.28	7.485	10.855	7.511	10.22	9.336	8.167	6.684	23.71	4.612	6.787	2.995	9.876	10.859	8.197	2.679	7.211	10.235	8.83	10.336	3.912	0.915	13.988	5.503	7.57	4.026	9.626	8.944	3.922	8.831
GH106	51.36	62.05	18.495	78.383	82.686	97.855	51.722	81.069	42.747	82.887	43.576	73.758	75.901	72.471	43.469	55.201	26.898	47.08	26.285	81.342	51.142	58.22	49.228	76.104	79.938	62.243	89.925	63.239	52.226	58.06	42.624	53.306	46.051	60.26	42.849	69.021	54.108	65.607	31.217	26.064	55.209	63.035	51.579	28.386	44.714	58.083	34.101	88.96
"GH106,GH28"	0	3.465	0	1.438	0	0	0.516	0.201	0	0.507	0	1.6	0	0.466	0	0	0	0.606	0	0	0.347	0.43	0	0	0	0	0	0.377	0	0.339	0.47	0	0	0.746	0	0.281	0	0	0	0	0	0.205	0	1.896	0.23	0.674	0.261	1.177
GH108	17.846	1.192	51.288	6.476	24.003	4.494	19.935	17.155	30.814	9.546	31.451	8.08	19.39	9.419	29.874	20.737	20.477	12.994	34.288	16.437	21.628	17.911	21.279	17.307	13.405	15.926	23.122	6.218	10.278	17.366	32.758	9.802	25.942	9.541	26.963	5.896	42.486	24.213	15.974	10.54	17.632	10.103	26.739	5.648	25.429	5.676	40.133	0
GH109	58.879	78.949	36.53	119.32	113.94	123.351	85.204	137.308	69.514	148.204	64.906	125.758	127.186	134.125	71.688	105.338	41.305	75.282	46.74	105.424	73.806	114.099	77.213	159.491	149.965	137.698	61.859	83.082	111.564	107.949	63.976	112.367	84.424	104.147	75.22	105.756	103.073	107.969	49.723	45.575	81.208	133.891	80.362	45.596	102.393	129.703	67.611	131.323
GH11	10.047	19.793	14.124	46.177	15.689	33.086	44.123	40.549	13.165	30.9	3.691	48.053	15.01	39.548	8.806	77.159	27.368	9.201	17.69	91.173	26.146	30.054	18.33	49.869	24.591	32.977	2.709	99.535	22.194	44.179	19.161	53.573	23.528	59.457	21.851	39.208	22.537	54.391	18.884	24.874	11.553	22.209	5.868	33.292	14.608	58.157	25.391	21.79
GH110	1.63	5.376	5.28	4.043	8.919	12.09	5.819	12.208	4.599	8.003	0.514	6.578	9.977	9.539	5.112	5.922	6.831	5.071	2.418	2.359	6.161	18.822	1.757	5.417	11.891	11.26	4.986	6.675	6.922	6.227	12.583	5.55	8.975	7.186	11.402	6.021	6.968	3.424	3.43	2.508	4.344	3.858	7.612	6.332	11.969	16.934	3.677	5.52
GH113	2.003	0	0	5.222	1.412	3.754	7.563	0	13.105	0	4.836	2.807	3.969	11.648	3.193	0	4.678	0	2.913	0	3.073	0	7.757	3.977	5.693	4.667	10.286	2.368	5.026	0	11.812	5.009	7.246	1.555	0	3.827	2.292	2.605	7.61	0.414	5.458	3.956	3.618	3.13	3.269	2.379	5.38	2.495
GH114	12.224	1.387	14.011	5.877	1.558	6.969	6.775	0	3.361	3.469	0	2.886	3.238	8.079	0	0	4.849	0	0	6.539	13.509	5.957	5.093	4.391	4.516	8.439	3.49	1.175	1.496	3.591	3.058	9.022	6.887	2.345	4.641	5.227	2.608	5.84	4.787	1.45	3.084	4.219	4.448	2.303	0.591	2.384	3.844	4.335
GH115	51.393	98.361	20.697	97.64	135.01	117.541	78.335	114.338	62.319	77.786	64.548	99.165	106.949	132.421	60.87	73.518	35.612	39.656	68.539	85.783	92.919	100.171	78.639	96.106	81.875	75.044	142.543	107.58	91.479	55.907	74.641	74.238	63.533	61.349	59.803	104.66	88.033	86.603	50.026	25.885	109.204	94.647	80.448	38.019	85.491	108.111	36.361	132.765
"GH115,GH31"	1.562	0.944	0	1.045	5.231	1.934	0.75	0.731	0.303	0.368	1.227	1.976	1.856	0.508	0.767	1.446	0.439	1.173	1.339	0.56	1.889	0.624	2.647	1.034	2.35	0.39	0.481	0.958	0.702	0.493	1.024	0.393	0.587	1.084	2.703	3.469	1.655	2.163	0.546	0	1.245	1.637	0.598	0	2.592	0.734	0.285	0.488
GH116	1.32	11.791	7.178	9.594	6.88	4.403	10.468	7.532	2.474	7.797	3.58	10.12	9.342	8.721	5.94	6.839	5.079	6.133	3	5.606	5.817	9.886	3.312	15.393	8.598	4.667	8.31	4.081	8.863	7.25	13.184	12.115	12.527	8.865	8.094	2.619	12.16	10.036	7.703	2.839	4.073	3.251	5.25	4.355	2.835	6.713	2.924	10.494
GH117	0.612	0	0.794	0	0.862	0	2.937	0.916	0.949	0.702	1.098	0	2.228	0	2.577	0	0	0	0	0	0.789	0	0	0	0	0	2.986	0	0	0	0	0	0	3.855	0.847	0	0.576	0.968	0.855	0.723	0.6	0.932	1.873	0	1.73	0	0.594	0
GH119	0	0	0	0.513	0	0	0	0.575	0.595	0	0	0	0	0	0	0	0	0	0	0	0	0	0.612	0.29	0	0	0	0	3.277	0	0	0	0	0	0.531	0.401	0.361	0	1.073	0	1.505	0	0	0	0.328	0.24	0.373	0
GH120	2.989	5.044	7.885	8.793	5.534	14.695	11.896	16.841	7.178	11.524	3.375	29.044	13.405	27.876	10.393	19.989	5.494	7.584	14.95	20.582	12.374	8.11	7.024	24.06	7.883	15.513	9.578	3.912	13.853	11.447	10.797	27.358	16.736	12.27	5.714	8.2	12.97	30.734	2.96	3.281	5.68	9.282	8.11	15.152	13.697	19.978	6.276	5.382
GH123	1.762	8.364	0.973	4.337	8.85	16.747	1.459	11.162	2.535	5.645	8.582	9.157	11.421	23.478	6.772	6.139	4.082	4.825	8.785	7.078	7.89	8.687	5.6	11.576	8.752	9.804	6.505	7.018	7.527	7.28	7	9.066	6.3	3.767	6.049	8.419	8.401	6.863	7.061	2.205	7.261	14.321	8.562	3.485	3.612	12.748	6.175	11.033
GH124	2.02	0.814	1.044	0	0	0	0	0.911	0	4.239	0	2.087	1.417	0	0	1.502	0	2.428	0	8.879	3.693	0	0.855	3.57	2.635	2.842	1.992	6.722	0	2.212	3.803	2.522	0	4.223	1.485	3.186	2.304	2.252	0	0.634	0	1.859	0	0	0	3.561	1.115	3.04
GH125	22.587	28.281	15.859	52.506	23.713	55.811	24.07	52.112	24.852	33.847	30.006	57.315	32.374	55.95	19.468	22.084	15.587	20.331	23.365	37.417	18.691	40.173	22.773	52.879	39.072	57.834	28.554	38.664	34.945	48.296	29.088	31.9	21.659	33.783	20.746	38.135	28.724	47.65	12.127	16.296	26.854	43.403	21.963	26.477	26.149	50.275	23.083	56.524
"GH125,GH92"	0	0.315	0.254	1.309	0.552	0	0	0.293	0.911	0.369	0	0	1.267	0	0	0	0	0	0.335	0	0.252	0.313	0	0	0	0.391	0	0.548	0.352	0.247	1.197	0.59	0.196	0	0	0.409	0.276	0	0	0	0.576	0.447	0	0	0.503	0.736	0	0
GH126	0	0	2.128	0	0	0	0	0	0	0	0	0	0	0	0	0	0	0	0	0	0	0	0	2.482	0	0	0	0	0	0	0	0	0	0	0	0	0	0	0	0	0	0	0	0	1.404	2.056	0	0
GH127	73.885	122.936	32.673	122.222	112.934	133.481	77.008	127.94	81.143	109.127	84.479	109.862	98.301	144.704	83.258	103.23	32.839	47.746	47.958	112.048	87.494	120.57	77.693	151.367	97.626	112.903	164.599	111.908	102.822	80.951	86.984	89.428	67.907	89.031	60.182	128.972	82.106	109.902	53.211	39.682	125.423	130.696	84.534	47.025	65.814	109.268	55.192	147.296
GH128	7.639	11.559	1.579	7.318	14.582	23.55	8.775	22.043	12.028	14.589	7.868	11.341	10.389	15.184	6.902	4.992	1.727	4.972	10.36	8.991	5.715	14.362	9.144	14.053	9.572	14.848	14.859	6.654	7.535	9.393	5.43	11.84	6.697	12.032	7.848	11.015	14.455	10.612	3.153	4.036	4.859	14.006	7.235	3.81	7.588	11.572	4.804	12.118
GH129	0.728	1.387	0	1.151	1.213	0	0	0	0	0	2.851	1.025	0	0.631	0	0	1.637	0	0	0	0.938	0	0	0	0	0	0	0	0	0	0	0	0	0	0	0	0.685	1.152	0	0	0	1.109	0	0	1.36	0	0	0
GH13	672.064	746.804	352.545	772.557	681.706	755.524	571.751	825.175	641.952	730.317	644.166	794.906	750.95	789.708	522.657	747.818	338.401	274.905	456.758	936.239	624.081	652.585	563.837	789.262	667.554	656.26	779.491	843.891	717.104	609.532	592.399	792.254	584.225	656.611	576.786	775.208	603.678	612.031	363.347	291.27	645.381	655.435	582.368	360.379	588.326	783.87	520.936	942.156
GH130	126.048	130.868	60.226	132.557	109.658	104.716	87.905	135.931	87.593	117.324	150.456	130.758	131.722	150.998	89.694	117.331	69.106	55.29	80.236	148.215	127.55	104.156	104.961	150.092	142.705	123.021	157.793	107.011	131.119	113.596	114.071	145.963	85.391	105.648	124.199	140.817	127.191	119.427	57.188	42.296	115.775	110.488	82.182	54.791	89.905	137.191	92.122	111.55
GH133	85.51	77.45	35.531	111.613	97.547	97.479	85.487	106.373	81.765	93.702	86.45	91.068	124.652	93.904	39.318	54.568	36.236	47.973	56.157	94.647	87.273	83.988	74.546	115.585	110.062	109.377	129.948	71.114	73.728	58.052	72.124	75.409	77.473	78.232	83.192	97.326	71.63	89.439	55.298	33.356	89.393	90.227	110.778	46.716	72.771	96.361	78.114	123.587
GH136	1.684	0.889	0	0	6.397	0	1.671	4.099	1.534	0	2.137	0.839	5.815	7.746	3.072	4.851	0	3.338	0	1.161	0.97	1.966	0.6	1.754	1.667	1.408	4.248	0.976	1.882	1.211	1.727	0.756	0.616	2.299	2.743	4.266	2.651	1.102	0.86	0	0.738	3.061	1.513	0	1.775	2.972	2.118	0.618
GH137	10.881	5.102	5.531	14.385	39.701	17.122	8.834	13.548	12.191	13.131	12.611	10.97	11.87	16.18	3.923	11.154	3.925	1.968	9.63	9.27	4.944	11.708	18.886	15.061	11.372	21.059	48.7	25.741	10.06	9.3	4.913	12.696	2.795	9.803	8.844	8.661	14.958	6.99	7.75	3.468	19.963	10.845	17.915	5.277	6.237	10.879	3.829	25.176
"GH137,GH2"	0.217	0	0.342	0.353	5.293	0.86	0	0.325	1.98	0.249	0.863	0	2.178	0.188	1.727	1.187	0.723	0	0.904	1.009	2.559	0	2.066	0	1.888	0.434	5.034	0.797	0.628	0	2.305	0.646	0	0	1.095	0.276	0.745	0	1.667	0.448	2.42	1.558	2.646	1.402	0.777	0.238	0.211	1.103
GH138	5.858	8.079	3.342	12.958	12.644	13.833	5.112	14.338	6.713	11.941	5.11	6.169	10.291	15.775	6.935	6.609	3.117	10.23	2.211	7.429	6.901	9.142	3.598	10.486	9.684	9.457	21.458	13.054	8.32	9.952	11.529	6.275	2.27	7.392	3.981	13.481	8.89	14.685	9.79	6.615	11.041	12.741	8.806	8.729	6.084	4.905	9.218	16.727
GH139	1.893	4.611	1.228	3.606	22.39	8.447	4.744	4.751	11.935	4.865	5.252	3.497	9.057	1.693	0.584	0	0.597	0.896	3.282	3.779	8.171	1.26	2.465	2.61	7.214	4.377	23.562	10.644	7.138	1.146	6.121	3.014	4.767	0.828	4.398	4.854	2.722	2.552	9.09	2.752	10.817	4.941	13.47	5.199	3.189	2.918	5.465	15.009
GH140	13.171	30.964	1.369	25.634	40.045	22.47	18.31	22.287	19.438	31.946	10.26	22.883	33.693	24.538	11.567	14.9	8.168	7.927	13.908	23.968	20.066	21.707	23.509	25.566	21.73	22.163	62.282	23.165	11.654	15.172	12.809	19.191	14.048	15.754	11.628	25.965	16.603	12.777	16.373	13.068	34.033	18.188	26.23	19.275	16.521	31.909	9.801	48.618
GH141	12.234	24.23	5.104	31.217	39.928	49.826	13.952	36.95	23.408	24.144	9.803	17.455	17.733	28.806	15.25	16.068	11.338	16.232	18.734	16.843	17.877	12.702	14.149	22.341	26.167	20.893	65.433	37.609	13.642	22.143	16.205	9.367	10.829	24.271	11.801	21.889	21.36	22.414	20.65	9.49	20.052	25.636	38.202	15.577	11.579	22.674	12.419	50.717
GH142	2.427	12.129	2.796	9.649	25.653	22.951	2.796	19.683	17.063	12.745	7.326	7.306	14.219	15.764	4.391	2.122	3.885	12.008	2.955	4.788	7.384	9.102	8.42	5.901	8.687	9.52	29.315	8.605	10.692	4.38	9.595	8.904	5.951	5.489	3.043	11.627	8.114	10.386	9.382	5.397	14.298	19.9	16.653	6.673	7.709	7.086	6.651	25.316
"GH142,GH143"	0.693	0.511	0.411	1.56	5.331	1.515	1.446	0.88	0.491	1.805	0	0	3.337	1.476	0.571	0	0	0	0.747	0.834	1.634	0.576	2.782	1.8	0.99	1.023	11.472	5.014	1.14	0.494	1.905	0.797	0	0	2.25	0.906	0	0	1.756	0.864	3.49	1.411	6.893	0	0.271	0.443	0	3.296
"GH142,GH143,GH43"	0.523	0	0.226	0.233	3.299	1.134	0	0.261	0.851	1.127	0.313	0.208	1.658	0	0.358	0	0	0.262	0.64	0.167	0.481	0	0.835	0	0.736	0.794	2.758	1.115	0.807	0	0.653	0	0	0	0.517	1.013	0.329	0.316	1.635	0.235	2.273	0	3.92	0.935	0.299	0.437	0	1.71
GH143	4.308	10.909	1.273	7.96	10.369	10.781	6.066	14.378	6.105	3.679	6.547	6.833	5.349	3.611	3.064	8.031	4.328	8.297	3.776	3.157	2.303	5.829	3.008	10	6.927	8.895	22.878	11.932	6.371	2.8	8.731	9.951	4.407	2.428	1.322	9.155	7.302	10.677	10.283	5.876	13.72	9.658	9.446	2.354	4.68	4.054	2.903	14.502
"GH143,GH43"	0.546	0	0	1.627	2.61	1.428	1.317	0	0	1.396	0	0	0.716	1.189	1.11	0	0.278	0	2.471	0	0.455	0.533	0.281	0.534	0.359	0.989	2.421	0	1.548	0	0.583	0.355	0.334	0	0.705	1.308	0.332	0	2.721	1.379	2.665	1.099	2.481	0.829	0.936	0.639	1.306	3.131
GH144	5.173	13.595	4.302	11.145	8.784	14.092	10.977	9.955	5.842	14.089	6.402	4.673	14.598	7.532	15.176	3.958	11.522	14.309	5.899	5.566	8.46	10.701	9.294	5.716	31.227	21.357	11.014	8.403	12.181	6.454	4.28	4.896	10.824	19.078	16.213	7.323	13.908	15.108	10.024	4.093	7.012	13.326	10.336	5.594	10.95	14.132	12.298	15.388
GH145	0	0.831	1.419	2.829	0	2.553	0	4.977	2.05	6.303	1.581	2.732	2.106	7.192	3.867	1.272	0	4.936	3.748	4.261	1.149	2.248	0	2.129	0.927	1.273	2.224	5.158	0.801	0	0	3.266	0	2.863	0	3.69	1.315	1.929	0	2.211	0	2.413	0	0	5.114	2.173	1.063	3.982
GH146	45.26	80.867	29.648	118.374	62.193	88.546	91.595	99.961	53.382	76.065	56.582	92.961	87.973	120.261	60.786	83.885	33.93	43.088	64.568	126.763	78.676	80.235	64.231	132.123	85.36	80.25	80.43	48.506	55.435	78.178	76.707	92.652	50.941	62.276	60.2	108.226	72.901	72.034	25.93	21.196	72.831	67.488	46.066	31.406	69.851	100.018	44.954	60.399
GH147	0	0.763	0	0.967	0.816	0.938	0	0	0	2.256	0	1.253	0.625	0	0	0	0.651	0.711	0	0	2.476	0.925	0	0.547	0	3.782	0	1.678	1.041	0	0	0.238	0	0	0	1.732	1.09	0	0	1.679	0	1.824	1.107	0	0.496	0	0	1.908
GH148	3.733	18.067	6.606	2.882	6.449	5.381	8.439	12.108	11.365	12.11	2.358	13.235	12.276	14.641	17.32	5.867	7.035	4.766	5.811	10.519	9.53	8.312	0.903	6.489	14.488	24.516	11.296	7.217	9.838	11.975	7.042	9.695	9.227	2.072	6.955	8.333	14.172	20.827	3.042	3.589	10.134	3.818	11.178	0	17.144	17.51	5.255	9.169
GH149	3.962	0.504	0.812	0	1.539	0	0	0	4.353	2.269	0	0	1.794	0.9	1.2	0	0	0	1.073	0	0.823	0	3.032	0.601	0.481	0	1.736	0	0.179	0	0	0	1.806	0.435	0.217	0.415	0	0	2.563	0	1.993	0	0.958	0	2.308	0.249	0.772	3.102
GH15	1.936	2.199	0	1.34	0	4	0	4.633	0	3.269	0	0	3.949	1.737	2.27	2.14	1.951	0	2.164	0	1.291	0	0	0	4.256	7.862	0.534	0	3.894	1.094	4.541	2.751	0.869	3.196	0	1.047	1.603	0	1.107	1.795	2.478	2.848	0.664	0	1.479	1.087	0.421	1.085
GH151	1.878	4.51	4.801	3.761	5.923	0	9.536	3.385	3.688	0	3.371	5.098	3.121	2.681	0.615	1.425	2.907	0.867	2.713	0	1.211	4.874	0	0	4.553	1.548	2.007	4.728	1.97	4.98	0	8.99	2.328	2.069	0	0.935	8.182	0.732	3.273	0	3.225	1.363	3.051	2.103	7.82	4.146	2.129	7.92
GH153	0	0	0	5.493	0	0	0	0	0	2.411	0	0	0.531	0	1.61	0	0	0	2.108	0	0	0	0	0	0	2.723	0	0	1.15	0	0	0	0	0	0	0	0	2.023	0	1.83	0	3.334	0	0	0	0	0	0
GH154	31.718	55.299	6.061	46.515	71.365	64.536	22.158	49.428	35.385	57.888	51.573	43.564	54.936	50.773	38.199	59.122	15.665	21.583	42.755	54.163	42.211	43.712	42.662	49.652	49.411	46.307	89.461	61.072	52.746	37.521	48.333	37.61	28.264	30.877	35.116	59.605	39.72	41.692	31.215	21.287	69.472	41.815	44.682	18.884	40.593	42.437	13.911	83.191
"GH154,GH88"	0.963	2.449	0	4.36	3.632	5.252	2.861	3.753	2.483	5.337	0.752	0.976	2.953	2.69	1.727	3.677	0.461	0.909	0.634	1.491	2.915	1.966	4.017	3.924	2.202	2.742	6.362	4.056	1.836	4.396	1.351	4.757	1.322	2.194	1.024	3.097	2.01	3.234	2.676	1.296	6.422	3.189	4.517	0	3.12	4.682	1.68	5.887
GH156	0.602	0	0	0	0	1.192	0	0	0	0	0	1.92	0.52	1.752	1.171	0	0	0	0	1.151	0.776	0.962	0	0.911	0	0	1.987	0	1.45	0	0	0	0	0	0	0	0.842	1.416	0.421	0	0	0	0	0	1.031	0	0	0.559
GH158	1.796	1.085	0.747	0	0	2.547	0	0	0	1.086	0	2.299	2.499	0.999	0	0	0	3.554	0	3.693	0	0.538	3.39	1.679	1.788	1.15	0	8.601	0.518	0.727	4.316	0	0	1.54	0	0	0.542	1.017	2.532	0.681	1.262	0.958	1.031	0	0.95	2.298	0	1.441
GH159	0	0	0	0	0	0	0	5.844	0	0	0	3.005	3.189	6.888	5.587	1.703	0	0.525	0	5.295	0	4.594	0	5.49	0	0	0	0	4.584	0.871	1.206	1.041	0	1.939	0	2.993	0	1.722	1.522	0	0	1.052	0	0	4.248	0.865	0	0.863
GH16	85.804	129.403	51.291	178.842	96.91	138.6	127.756	148.339	71.509	169.546	118.444	142.934	144.004	194.749	91.205	158.319	69.473	77.72	68.141	201.149	146.536	143.039	97.441	174.988	129.015	149.023	104.943	215.365	122.705	147.065	129.429	161.74	105.568	182.09	100.305	149.619	144.002	137.55	67.194	65.931	110.808	148.066	92.748	98.064	115.555	138.118	83.891	156.92
"GH16,GH29"	0	1.589	0	0	0	0	0	0	0	0	0	0	0	0	0.323	0	0	0	0	0	0	2.364	0	0.746	0.685	1.969	0.608	0	0	0	0	0	0	0.685	0	0	0	0	0	0	0	0	0	0	0	0	0	0.617
"GH16,GH43"	0	0	0	0.413	0	0	0	0.924	0.479	0.581	0	0	0.533	1.069	0	0	0.694	2.778	0	0	0	0	0	0	0	0	0	1.729	0	0.778	0	0.62	0	0.856	0	1.289	0	0	0	0	0.605	0	0	0	0	1.546	0.599	0
"GH16,GT25"	0	0	0	0	0	0	0	0	0	0	0	0	0	0.56	0	1.594	2.723	0.485	0	0	0.833	0.516	0	0	0.897	0.967	0.796	0.679	1.742	0	0	0	2.427	2.241	0	0	0.608	0	0	0	0	0	0.494	0	0	0.405	0	0
GH161	0	0	0	0	0	0	0	0	0	0	0	0	0	0	0.792	1.494	0.681	0	0	0	0	0	0	0	0	0	2.983	1.272	0.544	0	0	0	0	0	0	0	0	0	0	0	0	0	0	0	0	0	0	0
GH163	28.675	31.203	19.733	43.505	44.257	38.406	29.672	27.206	26.774	34.364	38.222	39.972	53.963	27.47	21.106	17.23	20.04	8.738	21.263	27.065	40.294	28.345	29.864	29.727	46.873	30.879	35.663	33.825	37.16	25.626	27.257	26.828	41.203	30.038	29.175	33.163	50.45	20.314	14.202	15.567	43.436	52.027	36.06	14.608	39.042	41.652	23.455	38.592
GH164	0	1.045	1.262	0	0	0	0	0	0	0	0	0.772	0.56	0	0	0	0.729	0	0	0	0	0	0	0	0.6	0	0	0	0	0	0	0	0.65	0	0	0	0.611	0	0	0	0	0	0	0	0	0	0	0
GH165	0	0	0	0	0.534	1.245	1.26	0	0	1.237	0	0	0	1.09	0.907	1.619	0	0	0	0	0.976	0	0	0.496	0.582	0	0.404	0	1.271	0.828	1.099	0.632	0.658	0	0	0	2.42	2.033	0	0	0.644	0	1.738	0	1.123	0	0	0
GH17	0	0	0	0	0	0	0	0	0	0	0	0	0	0	1.512	0	2.597	0	0	0	0	0	1.842	0	0	0	1.423	0	0	0	0	0	0.579	0	0	0	0	0	0	0	0	0	0	0	0	0	0	0
GH18	38.735	71.13	33.535	94.968	29.669	59.541	67.56	105.388	35.043	73.304	53.48	95.597	51.061	94.646	50.31	111.335	35.141	36.203	41.916	130.286	49.992	67.507	44.117	108.025	66.297	52.989	45.839	109.749	57.962	96.591	47.689	89.026	53.257	77.993	43.496	86.141	63.583	84.114	20.598	26.494	42.245	67.704	33.988	35.897	43.832	85.579	41.393	64.454
GH19	59.634	0	35.959	6.842	15.352	2.056	15.213	8.07	17.951	13.673	29.614	4.38	15.519	12.777	12.187	2.894	14.427	0.813	17.101	2.985	10.597	7.058	17.466	8.321	10.554	4.792	33.735	11.695	14.319	8.784	36.15	10.662	12.564	2.255	13.838	6.198	11.675	3.028	24.592	1.286	10.096	1.658	16.043	2.546	14.375	4.425	34.532	4.619
GH2	287.077	394.339	128.094	438.095	461.332	416.474	333.849	449.239	259.008	390.694	323.226	390.128	418.551	417.302	247.993	354.88	161.148	181.677	231.803	450.032	365.163	328.874	334.527	427.86	388.335	405.48	474.553	370.182	355.895	326.881	353.235	357.097	268.6	316.686	301.995	452.111	352.481	357.513	193.125	132.835	433.085	389.31	329.693	180.481	308.21	455.771	213.489	506.096
"GH2,GH43"	0	1.597	0.296	1.398	0.643	2.319	2.249	1.718	2.635	2.711	0	2.152	1.969	1.322	0.216	0	0	1.261	0	0.781	1.602	0.528	2.345	1.736	0.495	0.815	0.969	0.319	1.123	2.606	1.195	0.537	0.968	2.9	0	1.051	0.599	2.174	0	0.873	0	1.007	0.506	0	0.37	1.023	0.558	2.199
"GH2,GH5"	0.188	0.909	0	1.509	0.795	0	1.264	0.704	0.292	0.532	0	0.224	1.137	0.326	0.738	1.392	0	0.565	0.322	0.36	0.485	0.601	0.6	0.996	1.305	1.126	1.042	0.527	0.169	0.712	0	0.567	1.319	0.261	0	0.589	1.239	0.744	0.263	0	0.922	0.573	0.863	0.221	0.322	0.236	0.183	0.705
"GH2,GH53"	0.284	0.457	0	0.379	1.2	0	0	0	0.44	0	0	0	2.45	0	0	0	0	0	0	0	0.732	0	0	0	0.525	0	0	0	0.51	0	0.496	0	0	0	0	0	0.267	0	0	0	1.67	0	0.868	0.667	0	0.355	0	0
GH20	112.936	120.713	74.554	214.346	135.724	232.402	185.027	204.973	107.294	205.962	161.885	187.865	171.083	232.259	116.994	127.84	84.334	104.32	110.735	189.933	114.66	162.929	127.213	232.311	211.466	262.485	131.391	140.436	152.457	155.085	140.227	179.052	122.859	158.862	158.891	220.601	190.817	209.488	64.172	58.306	145.858	193.494	116.765	103.511	126.501	172.725	127.47	203.941
GH22	0	0	0	0	0	0	0	0	0	3.678	0	0	0	0	0	0	0	5.86	0	0	0	0	0	0	0	0	0	0	0	0	0	0	0	0	0	0	1.837	0	0	0	0	0	0	4.586	0	0	0	0
GH23	129.653	177.014	122.235	218.017	205.502	203.698	210.922	253.289	201.995	266.15	167.337	161.095	209.471	238.531	145.801	136.934	128.742	119.053	154.924	168.262	168.819	227.401	186.718	230.008	203.397	263.242	195.133	168.15	198.119	172.761	179.902	179.076	176.312	194.764	167.023	234.965	196.201	194.009	132.24	102.276	202.175	220.136	169.961	109.686	178.826	219.908	163.617	210.995
GH24	100.062	30.778	263.735	35.083	89.694	36.001	101.965	46.103	160.958	44.165	149.317	33.933	83.356	28.959	81.358	43.024	65.979	12.113	132.876	55.777	105.658	30.334	204.581	46.978	80.536	29.578	58.442	50.795	140.867	56.262	209.709	62.669	154.488	37.128	133.036	51.053	113.105	41.197	110.069	23.77	191.492	44.209	87.997	10.3	166.656	55.95	230.814	31.555
"GH24,GH25"	0	0	0	0.434	0.457	8.348	0	5.343	1.006	1.223	0	0	0.28	0	0	0	0	0	0	0	0.836	1.036	0	0	0	0	0.4	0	0	0	0	0.978	0	0	0.449	0	0	0.77	0.907	0	0.318	2.224	2.482	1.524	0	0.406	0	26.765
GH25	412.722	285.568	485.982	222.419	303.829	249.129	345.417	231.053	346.805	250.549	372.896	313.527	330.114	277.351	324.821	227.591	186.873	120.043	348.924	339.689	341.384	254.739	389.803	258.796	294.866	272.122	329.539	282.258	308.298	258.376	320.208	286.272	400.181	244.358	398.891	309.341	372.231	279.214	271.394	121.404	367.304	255.426	306.065	161.207	370.485	306.301	429.703	267.701
GH26	203.334	186.152	103.539	242.691	200.194	198.826	140.227	224.687	154.022	187.886	195.756	195.366	226.456	171.287	122.715	156.427	88.595	109.12	127.859	279.746	201.839	175.338	167.709	245.256	205.762	176.185	284.573	279.592	194.231	139.764	169.751	155.073	158.887	165.525	171.87	230.835	157.051	153.991	98.613	65.127	203.898	193.774	179.313	117.985	155.86	179.472	133.075	250.729
"GH26,GH5"	4.631	1.938	2.415	0.448	1.513	0	1.108	0.614	2.628	2.011	4.521	0	2.041	0	1.096	1.502	0.824	0.616	2.689	0	0.864	0	1.167	0	0.62	0.819	2.927	0	1.796	0	1.463	0	3.263	1.138	2.301	0.985	2.221	0.649	1.683	0	0.974	0	4.946	0	0.913	1.867	2.683	4.283
GH27	40.486	36.221	11.015	48.526	32.321	31.69	56.237	48.431	22.951	54.104	42.243	30.177	40.757	64.134	23.599	35.96	20.499	18.568	21.677	44.049	39.289	42.078	31.447	41.152	44.178	54.132	34.124	43.837	34.675	35.833	20.411	38.707	28.157	28.063	30.548	34.766	40.561	58.576	14.079	16.446	38.372	40.743	24.785	16.523	35.862	40.473	38.353	60.593
GH28	218.989	252.825	86.067	252.59	364.777	307.571	212.569	274.004	216.693	243.973	205.427	239.294	316.066	275.864	161.418	138.138	70.569	117.062	182.15	222.604	207.034	185.257	231.889	247.321	273.709	247.204	488.893	251.305	230.17	161.754	262.895	199.147	187.23	183.943	180.274	249.871	227.761	207.148	155.277	111.877	347.697	226.023	268.697	117.081	173.211	231.809	149.466	387.209
"GH28,GH43"	1.749	2.172	1.287	4.957	3.09	3.566	1.315	1.06	3.326	4.346	1.462	1.65	2.45	2.704	1.762	3.009	1.526	0.846	2.982	0.525	5.42	1.315	6.062	1.464	3.336	0	1.921	0.79	3.764	0.862	2.824	2.864	1.76	2.26	0.83	1.565	1.009	0.868	1.935	0	3.503	1.738	4.38	0	3.752	0.669	1.81	1.482
"GH28,GH88"	0.194	3.916	0.895	1.821	1.668	2.222	0.934	1.456	0.302	4.582	1.616	0.926	1.289	2.023	1.527	0.96	0.675	0.584	1	2.231	2.153	2.641	0.31	3.532	2.896	3.705	0.849	2.044	0.93	0.981	1.019	0.978	0.292	0.54	0.953	3.861	0.549	2.461	0.839	0.46	1.266	2.829	0.757	0.457	0.333	2.326	0	1.338
GH29	129.281	192.988	94.905	187.699	152.697	182.908	133.151	200.719	113.193	185.998	142.505	191.621	191.007	247.038	112.968	134.334	95.597	125.444	91.022	171.056	149.91	154.527	152.305	223.663	214.509	213.984	152.193	140.696	175.073	155.206	176.079	209.129	125.847	174.788	122.784	184.901	198.438	188.36	79.33	68.97	162.456	196.003	136.349	83.731	150.288	191.661	106.928	213.933
"GH29,GH79"	0	0	0	0	0.652	0	0	0	0.718	0	0	0	0	0	0	0	0	0	0	0	0	0	0.369	0	0	0	0.57	0	0	0	0	0	0	0	0	0	0	0	0	0	0	0	0.708	0	0.198	0	0	0.289
GH3	593.38	770.605	302.285	1009.645	705.092	983.825	743.893	1113.472	543.441	856.451	636.007	1094.326	833.951	964.838	620.807	777.549	410.878	478.451	489.958	992.529	707.149	760.149	601.919	1021.256	903.723	966.433	687.671	918.673	741.776	807.936	683.656	859.825	549.499	747.129	609.118	1021.021	701.049	813.444	348.186	273.601	739.543	841.708	513.782	404.893	643.216	911.276	459.234	994.239
"GH3,GH5"	0	3.545	0	0	0	1.674	0	2.873	0	2.478	0.53	3.018	0	0.768	0	0	0	0.766	0	0	1.038	0.472	0	0.386	0.273	4.822	0	0.827	0	0	0	1.997	0.444	0.41	0.706	0.533	0	0	0	0.349	0	1.227	0	0.347	0	1.379	0	2.735
"GH3,GH78"	0.21	0.677	0.272	1.545	0	0.832	0.202	1.73	0	1.385	0	2.5	0.363	4.005	0.412	0.777	0	0	0	1.004	0.542	1.845	0	0.953	0.194	0.419	0.259	1.177	0.189	0.927	0.734	1.372	0.21	0	0	0.439	0.395	0.997	0	0	0	0	0	0	0	0.395	0.612	1.576
GH30	80.155	117.623	42.938	127.198	76.849	158.886	116.55	158.969	61.973	118.505	82.698	122.952	127.322	135.89	84.304	129.982	61.799	52.356	60.436	225.116	110.477	105.46	75.399	158.887	121.035	154.779	89.681	184.727	95.039	135.999	103.724	145.414	63.178	127.549	82.631	143.757	94.206	136.867	34.875	46.231	75.391	127.411	53.807	62.646	105.336	158.848	58.374	126.451
GH31	195.236	261.607	88.2	294.903	262.355	299.362	206.507	316.756	169.283	284.465	188.627	273.194	283.109	343.558	190.559	229.569	111.216	136.86	140.58	337.893	241.533	220.991	180.063	303.108	273.82	293.592	323.837	281.935	249.632	229.898	239.993	251.501	187.871	231.108	193.805	310.377	234.848	231.027	102.098	91.975	287.294	286.307	175.449	107.932	207.175	333.618	138.692	298.764
GH32	76.438	121.911	18.262	133.168	102.357	143.239	68.545	123.232	61.048	99.345	49.572	135.261	87.264	106.461	70.244	119.395	33.091	67.119	52.845	125.581	70.546	75.091	57.163	128.676	81.921	89.763	138.391	112.342	74.937	95.68	77.974	89.74	41.221	104.922	68.736	122.74	65.977	90.264	46.758	39.823	93.867	95.715	61.517	41.603	71.065	117.866	42.263	146.587
GH33	26.398	76.866	30.945	73.452	67.255	77.383	61.651	71.216	47.363	66.406	36.952	66.853	71.406	75.385	37.728	32.328	35.161	45.476	36.697	52.057	49.94	90.825	43.594	65.612	76.139	123.012	66.916	47.266	43.542	56.557	66.406	52.05	46.865	67.122	42.954	61.355	63.456	61.732	33.309	33.259	48.945	99.149	69.937	35.118	58.654	64.716	33.31	89.999
"GH33,GH78"	1.633	2.206	0	3.804	5.749	6.709	2.806	4.246	2.551	3.3	0.411	1.367	1.477	3.339	1.5	6.378	0	0.633	0.94	1.594	1.073	0.804	2.002	3.34	1.676	0.948	6.92	4.446	2.014	2.386	1.523	1.846	1.875	1.647	0.318	3.105	0.461	3.748	2.577	1.315	2.768	1.262	3.846	4.253	1.217	2.088	0.491	9.381
GH35	63.463	105.069	32.817	94.984	175.854	127.215	66.829	109.095	99.306	105.207	80.588	75.021	139.343	119.41	70.317	70.967	37.603	57.298	78.016	91.806	112.739	78.477	108.047	98.586	99.055	117.55	189.559	119.341	106.485	87.764	130.366	92.784	99.874	67.028	87.054	105.333	126.39	83.347	69.946	44.801	164.181	109.571	115.076	32.332	88.238	108.61	60.57	148.413
GH36	71.756	75.795	33.543	78.055	106.723	108.088	54.694	97.141	48.324	79.764	53.379	100.759	100.489	71.28	59.47	58.414	32.33	40.547	64.351	71.285	85.359	66.832	71.612	103.721	111.518	74.218	101.432	63.733	74.208	55.586	70.994	71.905	60.973	63.968	53.88	108.221	83.678	78.473	35.955	27.397	87.602	72.844	58.498	35.97	62.664	59.933	51.044	136.306
GH37	0.935	0	1.821	3.051	0	5.973	4.421	3.697	0	7.687	0	0.845	0.619	1.809	0.743	0.7	1.602	4.893	1.788	5.573	0.462	0	0.905	1.084	0.657	2.882	2.267	1.787	2.152	3.551	1.635	2.152	1.855	1.575	0	2.459	0.334	4.051	0	1.299	0	2.126	1.432	3.367	0.486	5.82	4.102	1.745
GH38	13.67	23.044	8.671	18.991	9.046	16.249	18.902	12.418	15.062	14.192	9.249	16.945	18.036	32.742	14.734	39.573	15.202	1.194	8.648	18.232	10.024	16.205	11.477	21.896	29.46	12.492	11.031	32.506	18.312	10.983	8.08	16.033	16.33	20.436	6.424	18.05	12.567	21.764	11.408	6.231	7.92	16.547	8.884	8.071	19.23	25.002	8.622	14.906
GH39	14.535	11.833	11.102	15.664	23.741	24.533	21.223	12.106	19.169	18.562	14.402	19.174	28.174	25.374	20.619	23.089	15.139	14.367	10.018	21.652	14.39	31.429	13.847	20.762	22.336	26.165	20.553	15.438	18.324	16.663	21.481	20.656	17.29	18.071	3.892	15.036	21.623	24.457	13.875	4.26	11.341	17.062	21.284	5.052	21.69	18.485	19.794	22.103
GH4	2.186	5.157	3.142	10.705	5.808	3.29	5.934	13.424	6.411	8.029	5.464	16.816	7.091	14.62	12.07	3.916	4.274	0.994	8.647	5.457	12.399	10.202	3.573	9.419	7.785	11.285	4.459	8.907	9.306	6.462	3.594	7.39	7.383	5.153	6.689	5.6	7.272	9.494	4.345	4.841	5.136	5.887	4.264	0	0.794	1.377	5.795	4.853
GH42	1.278	3.986	5.028	13.167	2.439	3.079	1.009	3.711	1.171	8.203	0	12.435	1.44	6.382	0.428	1.953	3.026	1.621	7.4	6.542	9.046	2.44	3.2	1.241	4.182	2.151	1.801	5.861	4.664	3.47	3.519	6.325	2.274	1.659	1.934	5.463	4.621	5.526	0	2.078	6.84	3.66	2.434	4.582	3.255	3.329	2.205	8.988
GH43	758.454	1196.267	352.092	1410.862	1133.208	1371.329	969.595	1415.467	729.908	1155.072	881.457	1327.922	1372.989	1486.752	865.259	1126.609	567.925	672.509	764.871	1589.161	1165.511	1152.868	1014.173	1588.439	1143.161	1227.708	1279.81	1418.996	1100.26	1058.336	1021.377	1243.352	771.308	989.987	798.23	1427.616	1031.42	1184.637	515.231	371.658	1160.385	1234.483	782.159	528.13	956.37	1387.567	547.247	1458.547
"GH43,GH5"	0.37	4.225	0	4.688	0	1.467	1.489	2.567	2.319	6.047	1.335	4.41	0.523	6.203	1.22	3.339	1.047	2.783	0.635	0.805	1.717	2.059	0	2.877	1.761	4.052	1.172	4.684	1.209	3.367	0.735	0.74	1.105	1.815	1.025	6.198	3.053	4.832	0	1.432	0.363	5.637	1.211	0.435	1.441	4.525	0.72	3.315
"GH43,GH51"	0.404	0.313	0.524	0	2.78	0.415	0.805	0	1.078	0	1.93	0	0.349	0	0.274	0	0.236	0	0.692	0	0.52	0	1.263	0	0.374	0.837	3.425	0.272	0.363	0	2.795	0.316	0.21	0	0.424	0.219	0.38	0	0.711	0	4.036	1.414	1.259	0	0.525	0	0	0.524
"GH43,GH53"	0.548	0	1.423	0.245	0.258	0.724	0.702	0	0.284	0	0	0	0.474	0.317	0.957	0	0	0	1.253	0	0.472	0	0.583	0	0.677	0	0	0	0.329	0	1.917	0	0	0	0.506	0.573	0.689	0	0	0	1.614	0	0.56	0	0.157	0.229	0.355	0
"GH43,GH95"	0	0.831	0	1.379	0	1.021	0	1.158	0	0	0.231	1.688	0	0.224	0.337	0.636	0	1.742	0	0.493	0	0.206	1.233	0.39	0.477	1.544	0.318	0	0	0	0	0.13	0.258	0.358	0.357	0.539	0	0	0	0	0	0.786	0	0	0	0	0	0.645
"GH43,PL10"	0	0	0	0	0	0	0	0	0	0	0	0	0	0	0	0	0	0	0	0	0	0	0	0	0	0	0	0	0	0	0	0	0	0	0	0	0	0	0	0	0	0	0	0	0	0	0	0
"GH43,PL3"	0.471	1.519	0.612	0	0	0.934	0	0	0	0	0	0.561	0	0	0	4.655	0	0	0	2.706	0	0	0	2.141	0	0.942	0.581	7.932	0	0	0	3.556	0	1.964	0	0.493	0	0	0	0.279	0	0	1.444	5.542	0	0	0	0.295
GH44	1.061	3.003	3.688	8.514	4.338	3.931	5.891	5.633	0.795	4.969	0.46	4.434	2.892	1.471	3.59	7.967	2.15	2.056	1.886	8.526	2.168	2.441	2.126	7.321	4.089	6.07	4.158	3.96	2.796	4.459	5.545	5.073	2.372	6.338	2.335	4.41	3.949	9.094	2.712	1.981	1.079	2.13	0.784	2.135	3.754	3.669	5.044	6.368
GH45	17.861	34.533	16.921	61.851	11.57	20.649	53.562	55.211	6.778	55.877	7.561	48.266	20.224	37.233	17.113	94.156	27.158	11.395	16.625	215.713	18.599	19.588	11.808	74.062	39.532	21.354	10.967	228.041	17.369	44.978	27.963	95.838	13.225	76.41	8.009	42.634	23.901	34.49	10.725	28.176	5.892	24.353	30.44	59.463	22.316	27.244	26.297	26.777
GH46	0	0	0	0	0	0	0	0	0	0	0	0	1.616	0	0	0	0	0	0	0	0	0	2.983	0	0	0	0	0	0	0	0	0	0	0	0	0	0	0	0	0	0	0	0	0	0	0	0	0
GH48	0	1.236	0	1.768	0	0	2.683	1.671	2.367	0	0.749	3.684	0.721	2.158	0	0	1.256	0.615	0	1.566	0.901	0	2.745	1.239	1.871	2.018	1.365	2.138	2.613	0.527	3.395	0.412	0.41	0	0.578	1.92	0	0.648	0.584	1.794	0.41	0	0	0	1.463	0.769	0.406	0.512
GH5	282.527	379.77	177.227	554.329	420.276	524.13	436.023	595.258	255.799	501.07	257.715	501.39	443.988	564.525	288.503	647.88	239.367	239.348	254.293	816.479	417.188	420.096	302.004	707.472	436.479	476.049	532.924	909.105	430.962	426.826	386.335	565.363	305.092	538.038	318.863	542.929	372.299	459.354	213.956	195.725	424.909	441.272	361.236	285.235	349.127	491.016	263.29	514.223
"GH5,GH92"	3.523	5.842	1.143	4.553	10.254	5.004	2.955	8.388	4.787	4.562	2.966	3.663	4.664	5.139	1.439	3.795	0.866	2.804	2.266	1.679	4.11	4.564	2.811	3.336	6.116	7.459	18.603	7.401	4.753	2.773	6.157	4.532	2.54	2.899	4.574	6.549	2.49	1.042	5.55	3.64	11.028	7.875	10.286	3.878	2.075	2.482	2.351	15.407
GH50	4.509	1.523	3.108	1.61	3.677	1.546	0.9	1.628	2.504	2.704	3.048	0.929	6.469	2.432	0.934	1.156	2.364	1.172	4.529	1.462	2.243	0	2.912	2.9	9.322	1.61	4.469	0	2.904	0	5.72	2.534	8.179	2.836	6.657	1.237	4.493	0.741	3.353	0	5.119	0	6.621	0	1.296	0.55	2.015	2.208
GH51	101.604	191.26	33.853	179.922	176.279	180.146	128.626	192.607	120.539	191.163	116.968	194.264	150.283	221.108	93.948	136.591	64.774	86.573	105.504	190.829	143.161	148.761	150.218	236.008	136.525	192.794	227.736	150.738	142.574	120.381	139.358	171.056	97.817	103.327	106.241	200.462	131.605	173.747	68.798	51.636	157.094	182.31	106.784	72.468	126.71	203.609	75.957	195.423
GH53	147.914	188.283	61.633	202.572	151.653	172.474	141.218	195.345	149.111	173.935	142.21	170.536	184.501	124.383	114.786	155.144	58.389	111.421	107.912	190.654	159.924	114.171	122.746	167.958	157.02	131.903	226.233	202.605	155.509	121.577	153.956	163.264	115.809	127.226	133.621	151.509	130.184	114.304	65.024	54.862	179.911	146.333	128.611	80.748	134.217	158.711	95.191	211.031
"GH53,GH97"	2.574	1.131	0	0.939	3.96	1.391	0.225	0.351	0	0	1.26	1.115	3.741	0.406	1.226	0	0.921	1.054	2.808	0.895	2.113	1.496	2.053	1.063	0.975	0.935	0.865	1.64	1.473	0	1.227	0.353	1.056	0.975	3.078	2.446	1.102	2.592	0.982	0.83	0.23	1.249	0	0	1.403	0.88	0	0.585
GH54	1.855	11.166	3.791	28.212	1.598	13.865	20.304	22.333	3.502	10.531	9.589	17.329	11.65	45.439	8.627	13.228	4.431	14.754	5.334	22.398	4.584	15.298	4.908	46.814	19.137	24.524	3.111	9.838	11.104	16.979	5.884	15.488	7.59	14.462	6.469	14.833	8.822	27.509	3.278	5.704	8.842	10.334	2.19	5.07	9.331	15.507	3.21	10.312
GH55	2.454	8.758	1.911	5.02	1.73	6.46	6.068	7.307	0.762	2.742	3.965	7.434	3.817	12.681	3.813	1.818	0.552	4.055	0.963	7.253	1.899	6.782	1.174	9.348	7.499	17.655	1.513	5.162	3.974	12.354	0.982	4.515	2.953	4.404	3.398	3.078	2.996	7.881	2.403	1.741	4.094	3.741	2.255	1.154	1.051	4.221	2.863	11.152
GH57	97.247	117.143	37.065	97.152	110.533	100.184	82.147	78.509	89.711	66.674	65.042	64.4	94.524	86.367	69.779	88.396	45.886	46.63	47.056	65.429	84.3	69.372	67.627	83.08	118.932	114.649	92.901	67.382	80.504	79.816	95.593	81.645	69.488	84.896	76.553	80.06	86.539	76.46	50.818	34.503	108.074	95.265	92.286	42.182	71.558	115.556	67.506	85.18
GH59	0.802	2.489	0.66	2.875	0.851	0	1.701	4.224	0	0.756	2.387	2.816	4.223	5.704	2.994	1.975	2.014	0.764	2.586	1.154	2.726	5.64	0.963	4.334	1.465	0	0.719	3.317	1.873	0.736	0.889	1.953	2.52	1.846	0.835	1.497	0.852	3.269	0.369	0	0	1.177	0.462	0.62	3.816	4.37	0.494	0.636
GH63	7.667	1.523	0.55	2.017	3.7	2.93	3.437	3.002	3.459	3.718	3.393	1.799	3.211	1.71	1.822	1.771	0.982	0	1.09	2.529	1.215	0.394	2.787	2.579	3.679	6.805	2.51	2.707	2.751	4.922	1.652	0.496	3.561	1.247	1.404	1.894	2.518	2.341	0	0.583	3.198	1.398	1.154	0	0.614	1.993	3.587	2.431
GH64	0	0	1.932	1.929	0	0	0	2.159	1.996	0	0	0	0	0	0.944	16.01	1.675	0	1.276	4.136	0	0	0	0	1.465	0	0	8.588	0	0.909	2.766	2.679	0	2.502	0	1.507	0	0	1.798	0	0	0	1.103	0.847	1.355	0	0	0
GH65	2.131	3.435	1.117	1.75	4.339	3.956	0	4.566	0	5.618	2.269	2.334	1.512	3.461	8.115	11.374	2.828	1.628	4.575	3.645	5.453	8.356	4.852	4.169	2.666	1.643	1.182	0	2.252	8.341	6.917	5.586	1.731	0	0	2.614	3.595	4.458	0	0	7.404	1.76	5.931	0	2.911	13.039	1.117	1.695
GH66	18.397	7.422	0.986	2.095	6.715	14.866	6.077	4.686	4.627	0.738	7.29	3.729	12.444	7.699	2.515	4.653	1.31	3.323	5.064	4.423	3.783	3.63	3.027	6.25	3.485	2.091	7.325	4.359	2.906	2.507	6.588	1.678	5.951	6.151	3.868	5.596	2.856	6.02	2.808	3.912	1.881	0.597	6.513	2.37	5.815	4.64	12.446	6.27
GH67	18.822	39.932	14.324	53.385	47.262	32.705	22.69	41.981	28.549	40.661	20.354	43.911	52.687	46.237	31.794	30.938	14.173	14.842	33.817	57.389	55.184	48.049	45.015	54.833	38.269	52.285	43.49	32.237	36.626	28.49	38.439	46.243	22.983	26.577	36.819	52.266	34.496	42.397	10.319	14.963	44.725	41.409	22.194	14.145	36.088	47.769	12.413	50.118
GH73	241.1	163.64	209.491	149.214	187.686	162.643	211.94	190.517	213.291	166.591	230.025	145.505	202.92	168.773	173.515	123.274	112.252	70.683	377.616	179.55	166.491	171.288	300.116	205.192	157.995	159.631	209.998	125.434	188.477	145.311	279.854	163.381	203.491	136.86	235.099	175.492	169.895	123.784	157.021	48.586	223.746	184.198	182.061	90.861	214.345	211.901	208.139	167.652
GH74	0.975	8.672	5.057	7.119	3.243	3.342	11.878	10.286	2.886	16.009	3.357	8.897	9.313	4.687	1.167	3.962	1.748	1.062	1.002	3.587	3.709	8.279	2.441	11.73	6.814	0	2.878	5.024	6.023	4.058	13.017	5.375	5.979	5.302	9.65	4.262	5.668	5.866	3.363	3.445	1.118	6.752	1.189	0.652	5.311	6.132	6.267	1.726
GH76	15.732	14.036	6.579	18.956	12.626	24.36	17.333	22.375	6.37	19.203	9.864	19.666	20.525	18.523	13.155	4.384	7.481	12.654	10.319	9.691	17.146	25.005	5.584	16.461	15.552	14.126	13.839	19.17	13.214	11.804	11.915	11.997	9.629	13.195	12.2	21.338	17.298	8.233	7.287	7.221	13.755	22.684	15.14	14.818	15.941	25.126	11.337	16.337
GH77	86.905	99.414	43.034	118.537	109.151	120.535	90.901	108.805	90.38	108.519	86.905	98.777	107.471	103.176	67.771	108.255	53.522	43.426	76.453	98.531	94.755	77.792	95.231	122.137	85.768	98.882	135.644	123.891	102.555	75.794	111.789	110.978	95.163	85.06	90.069	116.209	80.839	79.545	66.494	35.103	125.2	89.652	95.322	62.188	80.624	122.392	63.63	146.226
GH78	90.29	158.54	62.994	166.589	153.662	180.543	139.762	165.61	93.35	146.042	84.423	210.093	140.882	184.605	114.267	114.319	55.21	88.024	94.448	139.742	107.618	125.479	90.605	182.852	148.249	148.447	186.664	177.647	117.353	157.839	118.535	152.288	103.767	130.739	65.658	167.989	111.603	143.272	95.651	63.938	138.697	145.282	119.224	60.63	108.51	160.05	118.215	227.735
"GH78,GH97"	0	0	0	0	0	0	0	0	0.657	0	0	0	0	0	0	0	0	0	0	0	0	0	0	0	0.522	0	0	0	0	0	0	0	0	0	0	0	0	0	0	0.167	0.277	0.645	1.079	0	0	0	0	0
GH79	0	2.524	0	0	3.626	0	0	0	0	0	0	0.932	0.741	1.358	5.318	21.484	0.44	0	1.469	0	0	0	0	0	0	1.159	0	0	1.409	0	0.749	0	0	1.087	0	0.818	0	0	0	0	0.841	0	1.312	0	0	1.075	0.417	0
GH8	40.95	67.876	30.943	114.241	45.855	66.348	111.18	106.72	53.401	79.805	57.382	83.605	78.143	83.511	53.838	82.976	47.794	33.963	47.139	94.895	80.259	66.945	64.994	94.709	84.2	88.476	42.664	79.112	93.398	101.205	83.387	78.917	58.457	84.351	56.79	87.705	83.367	97.04	23.43	38.891	46.629	81.57	42.347	37.292	77.229	103.744	51.248	52.786
GH81	3.686	1.787	1.115	0	1.866	0	0	1.018	1.333	0	1.542	0	1.113	0	0	0	0	0.645	0	0	0	0	0	0	0	0	0	0	0	0	0.751	0	0	0	0.594	0.449	0	0	0.95	0	0	1.036	0.657	0	0.582	0	1.078	0
GH84	0	1.672	1.87	8.328	4.748	5.082	7.745	5.751	0.431	10.964	1.044	2.325	3.025	3.943	2.835	1.943	1.392	0.989	1.666	16.444	3.805	21.674	3.477	1.573	7.248	14.925	7.229	9.037	8.96	5.186	4.072	5.961	5.503	3.628	7.747	8.106	5.64	9.383	6.096	4.214	1.947	17.153	5.819	8.757	7.011	6.5	3.433	10.441
GH85	0	2.577	0	1.37	0	2.197	2.012	2.093	0	7.249	5.642	0	0	3.168	1.733	0	0	0	0	0	0	0	0	0	0	4.09	0	0	0.921	0	0	2.446	2.015	0	0	0	1.14	1.915	2.278	0	0	11.187	1.604	2.845	1.133	1.517	1.018	1.655
GH87	0	0	0	0	0	0	0	0	0	0	0	0	0	0	0	2.132	0	0	0	0	0	0	0	0	0	0	0	6.055	0	0	0	1.737	0	1.199	0	0	0	0	0	0	0	0	0	0	0	0	0	0
GH88	18.86	52.19	21.514	64.064	60.728	51.774	32.644	48.075	28.345	58.267	32.933	63.449	34.645	66.603	33.717	38.826	16.3	34.622	20.272	51.838	31.451	41.969	23.554	58.928	51.245	44.113	59.084	41.702	37.984	36.663	21.592	46.284	37.571	39.835	22.645	58.496	30.272	40.791	27.397	13.255	49.071	63.216	37.928	17.609	30.436	57.636	22.48	78.061
GH89	26.248	54.998	23.024	60.526	30.867	66.819	43.967	59.364	41.541	48.445	28.125	48.704	55.712	46.819	29.638	39.849	27.108	33.748	29.666	59.623	29.663	39.146	33.301	68.899	53.214	56.54	41.15	30.372	30.785	48.859	35.909	46.759	28.85	34.24	36.462	50.129	54.944	44.814	35.842	11.834	41.33	63.861	35.776	17.393	39.591	57.946	27.782	58.781
GH9	81.238	136.677	64.1	229.537	98.888	164.699	192.965	274.618	68.308	182.953	101.901	215.458	148.763	205.481	94.414	286.022	104.14	93.567	68.542	397.743	161.027	165.366	99.844	235.078	141.694	164.779	111.933	423.864	162.091	225.594	150.155	241.226	97.999	239.526	107.54	204.059	123.159	185.266	69.696	82.184	98.922	164.608	83.651	143.475	122.149	232.706	104.165	178.568
GH92	162.678	239.37	67.333	264.558	156.854	277.706	232.615	296.58	130.169	249.053	189.882	249.628	220.169	314.849	146.615	175.602	83.529	174.012	159.15	305.826	166.369	249.032	155.515	310.187	262.244	320.58	148.826	188.179	214.879	233.064	192.826	248.118	127.056	178.515	144.674	293.93	212.949	247.302	75.349	65.473	167.608	280.574	140.852	98.505	178.457	288.261	140.656	274.337
GH93	3.956	8.197	0.834	10.299	2.986	4.602	3.395	6.067	3.26	6.667	1.39	4.435	5.14	5.497	7.42	4.599	4.925	1.316	1.375	7.37	3.292	6.909	0.269	11.957	5.953	10.408	3.239	10.89	5.144	8.439	1.867	10.453	3.027	4.424	2.4	5.857	1.708	5.477	1.494	2.432	0.408	6.859	7.397	10.798	4.064	7.455	3.28	13.455
GH94	24.603	36.308	16.353	47.268	37.949	29.13	36.661	25.965	30.87	44.666	28.783	51.124	39.539	44.494	24.443	73.973	20.157	16.139	23.178	120.849	30.242	41.91	26.188	62.452	32.905	30.46	59.083	114.72	33.711	27.271	36.603	81.262	26.988	46.575	29.158	55.456	37.045	25.524	24.808	18.09	36.675	26.231	32.131	23.275	37.914	48.409	16.326	50.766
"GH94,GT84"	0.446	0.719	1.375	0.821	0.944	0	0.964	0.334	0.866	0.631	1.201	0.332	1.831	0.387	0.584	0.275	0.69	0.335	0.765	0.213	0.144	0.357	0.801	0.338	0.826	0	0.894	0.313	1.154	0.141	0.39	0.617	1.286	0.542	0.154	0.233	0.315	0	0.156	0.132	0.492	0.425	0.854	0	0.334	0.28	0.921	0.907
GH95	67.276	103.479	31.375	136.315	144.539	151.972	97.361	122.04	71.664	118.1	77.545	108.944	135.033	137.811	64.881	89.497	41.714	57.44	77.138	141.462	108.379	106.092	98.417	125.307	111.13	119.856	154.401	91.746	112.377	87.581	95.476	107.052	75.826	71.034	73.704	132.294	83.905	107.459	40.058	30.329	107.742	116.561	82.291	52.915	91.098	144.628	58.835	133.089
GH97	200.425	315.117	105.99	306.489	237.68	264.191	222.315	309.876	180.199	267.141	240.052	277.895	302.543	304.183	158.829	221.462	102.358	168.185	150.74	313.385	271.051	282.593	202.185	424.146	252.777	285.613	297.742	235.796	226.39	196.077	238.034	274.326	184.623	208.525	190.733	331.324	247.426	271.357	123.74	93.085	278.06	285.77	191.262	116.346	201.735	307.128	167.161	319.444
GH98	7.899	11.221	2.071	9.151	19.848	26.128	9.374	17.143	5.897	11.687	5.975	16.652	11.902	15.067	10.909	6.022	2.532	2.375	14.595	8.17	8.069	17.881	16.214	15.82	12.873	12.398	18.409	11.542	6.793	4.3	14.683	15.449	3.299	9.367	6.157	16.027	15.384	18.615	7.347	4.694	18.423	28.245	4.764	7.478	13.302	19.828	2.896	10.458
GH99	1.038	1.853	0.764	1.914	0	2.056	3.648	0	0	5.351	2.477	0	2.508	4.467	1.688	0	1.953	8.287	0	0	1.483	2.613	1.768	1.626	5.762	1.747	1.697	1.429	1.611	1.946	1.444	2.484	0	1.147	0.991	0	4.746	1.593	0.548	0	0.385	2.046	3.137	3.244	1.32	6.556	0.762	0.542
