Class	BB14L	BB14S	BB15L	BB15S	BB24L	BB24S	BB25L	BB25S	BJ14L	BJ14S	BJ15L	BJ15S	BJ24L	BJ24S	BJ25L	BJ25S	BM14L	BM14S	BM15L	BM15S	BM24L	BM24S	BM25L	BM25S	KB14L	KB14S	KB15L	KB15S	KB24L	KB24S	KB25L	KB25S	KJ14L	KJ14S	KJ15L	KJ15S	KJ24L	KJ24S	KJ25L	KJ25S	KM14L	KM14S	KM15L	KM15S	KM24L	KM24S	KM25L	KM25S
A	29.1	41.65	89.59	136.57	57.18	76.12	48.07	32.26	66.53	45.07	47.42	35.55	44.96	52.69	20.71	36.86	35.94	30.52	97.54	55.79	52.84	31.65	61.14	61.94	40.19	50.8	44.67	190.32	17.83	38.56	97.95	123.11	69.1	64.44	28	58.13	41.98	87.12	54.27	62.07	47.86	25.9	19.06	89.84	49.51	45.58	17.03	162.22
ADL	0	0	19.19	43.39	0	7.46	0	3.45	0	10.9	0	11.18	8.54	0	0	5.09	0	0	3.77	10.15	0	12.19	0	3.14	3.29	5.32	0	63.3	0	0	10.07	25.18	0	5.5	0	0	0	29.72	0	10.19	0	0	0	41.81	0	5.08	0	34.99
B	17.62	13.02	100.76	163.59	19.52	166.4	26.11	57.86	34.91	80.04	20.38	100.61	57.45	38.35	30.15	101.28	4.72	5.52	94.62	194.68	54.71	41.88	15.67	391.31	35.78	6.4	27.2	821.21	3.45	38.62	159.55	330.01	8.95	66.57	63.17	86.08	16.5	285.11	34.5	79.69	17.32	41.4	5.01	570.65	35.84	31.68	21.35	733.01
BDLTU	2.56	15.22	83.9	137.22	26.74	52.76	26.77	18.05	85.83	59.03	3.74	41.31	14.39	41.72	8.48	14.11	5.33	7.25	61.19	75.58	7.7	23.75	6.88	126.12	16.09	3.68	15.25	521.95	0	16.62	81.03	132.3	8.4	40.4	18.98	36.37	1.47	107.5	19.77	29.18	3.78	14.68	11.52	200.46	15.65	10.51	14.94	301.59
BK	65.12	58.43	133.72	145.07	65.71	49.46	75.57	44.76	112.49	182.95	43.33	85.82	57.6	53.99	88.45	58.59	63.9	51.29	86.43	72.81	44.66	89.64	50.58	130.57	39.51	54.68	36.31	250.63	49.17	51.76	126.75	129.56	36.76	82.64	80.29	38.82	54.37	161.4	46.22	75.21	55.94	54.64	100.75	268.35	42.11	54.57	63.27	138.37
BQ	4.15	21.79	25.77	64.64	2.74	39.04	5.79	5.22	33.46	19.03	2.44	19.76	8.84	8.46	8.45	3.81	17.29	0	21.19	29.3	8.08	8.46	0	52.1	6.7	8.03	7.17	182.08	2.87	11.81	25.77	147.95	21.6	7.1	36.54	23.04	2.24	51.83	15.86	7.47	7.64	5.31	8.96	60.74	12.43	12.27	8.54	77.94
C	49791.72	49261.07	44241.25	40926.74	45964.8	48751.36	43527.18	49796.2	44874.71	44151.07	45134.07	49769.24	43510.11	46887.59	45965.38	52095.79	48920.49	47513.04	44693.89	49050.81	46943.3	49569.67	46966.26	47755.85	48194.37	48210.35	47809.38	44889.91	49185.91	47570.52	46710.69	42317.51	48615.24	47955.47	47822.89	51247.58	45645.37	46578.46	37170.56	53146.96	48267.94	47970.33	46340.56	44939.52	45109.27	49974.1	43081.06	46281.65
CH	18.5	102.16	42.11	178.57	9.21	53.94	38.63	16.8	67.55	67.27	5.75	15.12	2.32	0	18.97	10.23	30.66	33.86	13.03	24.94	67.76	15.95	21.15	9.27	5.81	35.46	33.74	28.69	2.85	34.31	32.93	50.57	78.61	35.15	48.67	90.89	41.97	36.69	2.25	79.15	34.22	16.78	12.83	42.88	30.82	23.39	80.94	12.78
CI	0	0	0	16.98	0	6.65	0	4.2	6.5	0	0	3.55	0	12	0	0	0	11.91	0	10.04	0	0	0	6.19	0	0	0	35.64	0	0	7.05	14.96	0	4.91	0	0	0	5.8	0	0	0	9.62	0	9.36	0	0	0	25.83
CK	0	6.81	10.93	53.74	0	3.7	16.05	0	0	8.18	0	0	0	0	0	0	0	13.53	0	0	0	0	0	0	0	6.55	0	6.42	0	7.72	0	0	15.89	6.9	0	26.31	2.34	5.15	0	12.96	0	0	0	0	0	0	0	0
CO	4.04	5.57	9.41	1.58	3.53	4.05	0.82	4.31	6.61	2.59	20.04	6.76	5.36	0	0	0	18.08	2.82	8.69	0	9.01	1.02	10.88	9.25	1.82	3.64	11.69	3.91	7.09	15	5.28	0	7.95	5.37	0	0	3.58	3.86	1.38	7.03	1.76	3.71	8.41	1.72	4.39	6.22	20.65	0
CP	317.3	372.81	210.22	228.43	255.1	358.06	308.35	285.15	539.42	352.77	264.32	358.84	254.43	348.88	244.68	434.86	337.17	375.22	251.55	404.91	294.62	382.88	281.83	373.74	220.63	348.4	195.88	385.08	234.93	366.7	241.94	376.53	415.11	378.23	315.99	343.06	304.7	443.06	259.83	298.87	261.31	426.72	305.64	254.07	339.89	439.29	264.1	300.72
D	9136.36	8868.27	8039.94	7232.09	9032.58	8823.55	8946.73	8523.73	8170.56	7992.7	9054.66	8499.14	9368.71	8944.27	8796.69	8664.34	8652.34	8591.02	8520.1	8753.19	8587.83	9302.81	9190.9	8654.43	8961.75	8456.74	8556.97	7828.25	8848.1	8925.09	8624.82	6876.81	9291.56	9146.73	9203	8695.02	9121.65	9016.17	8797.66	8526.8	8866.26	8708.75	9097.57	8086.11	9023.31	8955.85	9179.16	8020.66
DJ	18.25	44.1	44.81	32.98	16.85	39.14	18.34	21.96	71.24	35.32	42.87	32.31	5.97	19.75	8.76	35.17	12.18	13.3	28.23	6.29	39.97	173.67	0	18.77	2.76	42.03	26.1	27.2	22.83	43.33	17.49	112.22	60.21	14.28	23.21	61.34	21.67	71.75	31.64	45.83	13.16	38.33	27.7	0	21.55	18.27	0	29.99
DKT	8.01	0	4.43	68.87	12.87	45.27	2.7	17.49	0	0	9.31	39.06	0	27.27	25.39	27.22	0	0	15.29	48.92	5.39	3.71	6.56	109.03	5.97	5.53	3.36	439.52	0	10.03	76.44	143.19	0	22.33	0	11.16	0	103.77	18.1	11.36	0	5.48	0	301.77	11.97	0	0	260.29
DTZ	9.47	6.37	169.31	536.36	25.63	377.55	101.25	174.75	41.4	35.39	37.37	323.92	72.87	201.98	51.94	208.18	6.34	29.12	76.3	446.57	123.33	43.24	20.74	1012.37	43.69	100.64	46.17	3060.85	13.63	98.74	302.56	813.83	3.03	201.19	116.97	163.53	23.46	715.98	91.99	250.01	13.76	117.47	17.33	1539.79	33.82	33.49	0	2352.13
DZ	104.87	55.4	145.85	247.15	228.06	182.6	191.57	97.94	245.28	185.1	149.43	145.02	85.14	137.46	284.75	98.01	143.15	116.14	204.26	158.8	179.35	159.93	110.23	222.63	169.48	110.85	84.61	516.9	107.86	162.74	229.04	288.37	86.75	145.41	131.72	111.99	95.61	243.3	204.42	126.49	139.96	104.36	163.89	247.52	201.86	112.28	274.2	426.26
E	58295.41	58771.6	49724.78	48487.98	53482.44	58108.05	49045.47	62245.75	52964.68	50855.23	53205.7	60679.86	48674.08	54287.37	49935.54	64355.14	56325.32	60040.91	51243.89	59388.84	57634.42	57286.7	55326.69	57421.61	57952.39	60879.45	58165.77	53903.3	56890.55	57472.19	53640.02	51284.05	59911.52	59165.47	55650.51	63293.45	53683.7	56413.27	39838.96	61401.78	59101.84	60413.27	53366.09	53216.59	54417.59	61568.46	51343.71	55221.67
EG	1449.47	1670.86	1080.19	1094.44	1260.97	1330.13	1071.92	1314.92	1143.3	1448.95	1148.26	1367.64	1130.67	1278.24	1143.97	1303.99	1320.67	1346.99	1125.16	1243.44	1351.99	1418.65	1194.13	1226.52	1397.88	1414.78	1476.33	1271.95	1359.55	1457.19	1126.55	1254.3	1277.14	1404.48	1519.5	1508.77	1317.39	1303.46	872.83	1469.06	1458.56	1494.7	1131.63	1140.9	1386.07	1504	1160.84	1302.85
EP	348.35	232.14	362.6	224.01	241.15	262.34	251.37	297.58	322.16	207.36	225.27	271.45	178	330.2	162.68	616.71	276.76	331.19	211.17	341	344.56	279.86	175.8	364.22	162.16	401.46	179.12	215.33	221.22	192.9	161.48	188.61	334.39	368.41	217.38	290.05	280.92	307.4	191.21	308.08	220.23	382.86	409.91	505.85	252.34	314.83	300.64	351.63
EQ	76.63	53.87	39.52	35.09	43.18	74.32	59.63	93.87	66.47	75.4	33.5	64.05	42.66	81.34	51.02	107.25	58.09	101.97	27.07	57.66	39.06	105.81	25.98	99.95	43.16	99.16	35.85	100.04	41.83	87.12	22.84	129.69	63.14	92.32	48.36	84.8	69.66	90.07	29.01	78.29	59.94	67.79	22.7	97.36	34.29	135.84	36.42	73.71
F	28321.86	27562.93	26867.14	21468.12	27527.79	26451.89	29253.35	26473.18	25194.98	23011.62	28252.34	26400.04	27504.14	24997.81	27481.09	25938.94	26800.03	26048.5	26795.54	26335.8	26596.07	27119.15	26828.68	26088.24	27173.88	26468.31	26456.29	23217.05	28093.01	26593.61	26314.94	22402.76	26781.56	26370.07	27864.08	26659.31	27549.24	25119.13	31000.09	26244.98	26489	26473.43	26140.49	24478.59	27060.79	27087.71	27505.58	24583.33
FG	532.57	384.44	304.9	355.69	364.82	391.79	383.83	472.45	454.68	345.06	380.69	397.22	428.61	320.98	426.35	392.88	401.24	486.62	376.03	410.92	360.14	480.6	435.04	462.54	463.51	458.26	430.48	417.27	355.21	525.73	489.78	448.94	410.01	475.4	427.57	457.84	486.37	399.13	389.69	379.22	373.74	440.96	492.96	438.64	435.22	429.35	404.1	415.79
FH	4.81	0	0	0	7.65	0	0	0	11.96	0	0	3.57	0	0	0	0	12.96	0	0	0	17.52	6.63	9.59	0	0	0	2.05	0	0	0	0	0	3.22	0	0	0	0	0	0	0	10.27	12.94	3.59	4.34	12.74	4.99	11.51	0
FJ	489.36	475.42	363.53	346.42	355.95	553.41	414.83	370.32	474.56	399.1	460.24	350.85	333.54	486.69	473.02	430.47	379.82	409.02	398.16	358.21	433.05	486.47	359.29	403.49	393.86	433.67	387.62	394.51	467.1	379.27	483.57	340.73	452.75	455.33	409.92	515.46	434.47	453.21	420.34	411.26	407.96	476.69	417.79	349.35	435.14	470.93	479.23	403.77
FL	13.99	0	4.38	0	4.64	4.88	6.49	0	17.69	22.48	4.5	15.95	23.62	0	13.65	13.57	9.54	31.98	0	13.42	19.68	13.32	8.77	6.77	0	0	39.12	20.91	4.96	0	0	0	30.28	3.6	4.67	22.34	23.05	22.98	12.9	4.68	9.19	19.85	16.46	25.58	5.94	10.17	16.44	9.24
FP	105.97	154.1	91.97	178.39	108.08	120.66	138.51	57.69	166.95	119.69	102.31	83.33	61.39	52.43	48.62	172.59	147.62	143.18	87.74	90.04	93.67	84.03	78.92	108.97	77.22	122.55	147.47	97.74	142.45	110.95	69.01	142.28	170.87	186.13	120.39	123.88	114.01	143.55	113.64	153.44	68.98	85.73	88.82	53.9	108.76	145.14	71.31	97.48
G	70148.89	67201.12	55698.29	53825.14	58697.12	67493.53	57655.04	71133.31	56778.06	59253.29	61749.34	75301.49	62092.55	69757.19	60914.92	78353.03	66924.18	70968.77	60679.2	75507.87	66982.34	64765.58	63997.75	72171.96	67357.02	70254.16	70168.44	74920.04	67326.38	67014.47	60828.35	55855.25	66381.52	69340.4	63628.64	71970.25	61176.03	64703.61	47151.18	72760.19	70209.69	72827.97	63873.9	70033.66	62875.3	71577.42	59241.56	75329.42
GH	2.11	3.57	16.91	0	7.58	4.43	22.49	0	9.19	10.13	40.64	2.36	14.25	3.58	0	0	0	5.78	12.05	2.31	9.83	6.39	6.72	0	22.66	6.7	4.12	0	8.48	10.86	3.41	0	0	7.19	3.2	9.64	10.69	14.72	16.69	0	18.18	0	0	0	3.37	5.02	10.42	3.32
GM	567.94	566.69	388.88	384.66	443.84	518.08	407.63	490.1	480.38	513.01	447.77	598.06	436.55	556.06	431.13	638.47	469.86	570.05	417.27	497.68	421.58	587.83	390.86	462.79	394.26	663.31	366.11	419.64	330.52	427.54	343.22	414.28	470.27	588.75	598.29	489.96	455.91	577.02	403.81	517.07	418.76	522.75	564.28	582.85	463.04	504.98	531.34	440.92
H	20748.71	22712.2	19741.51	18250.92	20987.4	22315.53	18759.17	21029.6	18421.84	19474.58	20061.8	20370.99	19313.72	20825.73	19067.74	20127.2	20695.84	21803.13	18968.13	19377.8	20691.26	23371.32	21242.72	19507.98	22491.12	22013.7	22366.81	18881.52	20859.64	22212.9	21514.94	18947.15	21535.98	20473.86	21260.99	23205.13	20165.67	21266.97	15988.22	23192.96	22197.03	21130.08	19284.68	17647.53	20426.21	22243.19	19441.46	17989.24
HI	46.82	50.03	36.75	48.82	17.52	20.47	23.75	31.31	35.7	59.87	39.25	68.86	54.97	106.67	63.58	113.02	26.15	35.64	26.9	56.51	36.2	75.52	27.41	74.78	23.9	30.25	18.89	56.59	33.9	41.52	26.78	56.19	24.53	83.99	28.51	53.36	34.21	66.58	12.3	67.76	38.58	59.79	47.76	95.63	23.35	65.45	21.82	28.99
HJ	60.26	66.9	83.36	113.23	63.32	62.48	201.32	34.98	199.96	67.27	226.75	104.45	212.28	361.04	458.5	117.89	99.78	102.61	101.44	129.3	157.57	114.15	154.65	139.72	28.93	55.06	46.42	74.7	67.44	85.77	105.33	95.41	171.76	148.98	200.16	93.85	268.18	285.78	176.85	114.53	107.33	67.5	214.72	162.98	122.26	80.49	176.17	83.79
I	19640.13	20784.07	16573.97	15939.83	18545.11	19522.25	16593.37	20102.31	19927.21	18530.27	18030.06	19366.26	16936.04	18338.62	18156.69	19065.43	19586.51	19411.34	17275.51	19083.97	18684.76	19469.77	17943.9	18799.39	19491.58	19536.55	19613.53	18642.37	18620.55	19408.67	18906.17	17205.49	19265.62	18762.45	19090.55	20691.8	17806.87	19183.59	14701.45	20417.98	20251.54	19698.06	17497.18	17066.05	18396.1	19879.38	17109.02	18519.15
IM	320.73	374	232.44	164.35	255.86	322.29	146.75	284.44	245	246.18	264.9	390.83	244.26	261.92	259.19	257.86	223.82	375.44	262.23	389.38	218.5	337.16	224.59	346.97	184.57	275.67	168.7	354.33	271.37	311.68	238.37	128.15	225.96	279.17	356.44	301.76	243.82	340.3	169.08	323.18	245.03	400.78	239.34	310.37	245.99	370.02	201	439.81
IQ	1425.23	1309.54	1355.18	1024.28	1489.39	1267.87	1108.21	1530.73	1432.31	1040.74	1565.33	1656.9	1561.49	1560.08	1529.42	1529.71	1592.7	1612.02	1496.63	1717.12	1641.46	1540.87	1562.92	1500.73	1804.21	1315.11	1735.74	1288.14	1875.02	1466.98	1366.64	1049.85	1660.48	1448.57	1362.81	1398.7	1539.9	1552.22	927.81	1606.94	1937.58	1540.24	1359.57	1152.06	1553.68	1757.93	1282.57	1163.96
J	74193.01	71029.74	66653.49	57227.93	71192.84	71299.93	73579.74	68022.91	66189.49	61428.71	74801.09	68872.73	75951.29	68944.55	72164.61	65926.86	68312.6	64788.88	68815.3	69036.97	69211.8	70706.18	73232.84	71565.69	69192.47	67609.6	63141.12	66981.4	71990.21	71879.44	68225.25	60912.19	70071.28	70706.36	74473.87	68119.86	72988.13	68651.81	66166.82	69324.28	67587.77	66216.9	71200.94	73998.66	69356.65	67211.75	70914.75	71569.76
K	37359.51	34931.22	33531.32	30692.12	35823.84	36366.67	35790.98	37546.64	33930.22	32776.45	37578.11	36506.77	37064.38	36979.84	36270.77	41257.03	36878.32	36543.5	39636.42	37812.12	38609.41	36574.37	37062.33	38654.19	35397.79	38525.68	36197.93	34118.14	36641.8	35431.13	34166.93	31327.57	36873.91	37175.94	36791.37	35692.03	38145.31	35840.09	36523.02	36375.17	34804.62	38730.26	39107.8	38884.43	37413.39	37253.19	38579.98	36469.66
KO	102.49	118.07	119.5	101.89	45.82	56.66	85.93	79.91	84.16	57.41	78.91	88.51	86.72	92.87	102.67	155.04	77.7	81.3	41.75	84.06	51.75	59.59	69.19	96.29	57.89	64.88	45.42	48.97	73.66	69.27	66.61	64.63	89.49	127.33	50.78	114.78	97.13	58.03	77.48	99.65	55.34	116.67	129.67	63.43	40.93	62.97	41.18	67.53
KT	1399.38	1541.65	1184.36	978.55	1458.4	1521.1	1282.92	1780.19	1274.56	1020.83	1294.29	1403.52	1397.64	1216.16	1434.61	1317.33	1227.32	1238.81	1381.9	1277.34	1369.53	1387.06	1385.35	1317.52	1513.79	1434.75	1472.53	1147.33	1546.88	1345.4	1482.14	1126.13	1365.23	1249.9	1453.32	1405.58	1258.52	1345.6	1226.8	1442.66	1342.64	1333.25	1141.17	1078.71	1354.34	1345.13	1372.19	1223.94
L	84759.96	82908.83	97109.96	72896.25	95668.86	81432.37	104216.57	87905.65	76297.61	70367.9	95132.68	80074	99360.83	83500.03	94657.25	86571.54	87557.69	78356.94	95222.12	80164.24	84653.96	85145.89	91219.98	82815.13	85200.21	85529.41	85607.23	70043.21	90145.97	84147.59	85467.25	71388.29	88478.33	82961.74	87757.85	81486.8	94730.66	81133.02	119364.6	80740.88	82351.93	80961.5	90399.27	76247.31	91504.12	81403.54	95990.2	72375.27
M	64323.5	66696.45	55510.39	48817.15	66296.68	64955.62	62674.57	63966.1	56005.15	57457.86	65410.98	62140.14	65779.5	65724.32	68216.88	56409.71	64159.24	65692.14	62801.09	62966.45	65103.55	66841.78	64943.37	58809.2	70629.27	64816.36	66850.33	51888.04	67176.75	67355.44	64384.86	50146.4	63339.91	61262.41	63143.29	63997.78	63002.53	60541.54	58075.74	62744.16	68994.34	63966.2	63678.29	53345.88	65174.42	66292.5	65166.33	55026.26
MU	95.73	132.28	107.29	247.32	105.72	130.13	100.71	74.53	141.1	138.46	98.72	61.49	61.73	78.61	63.47	132.89	126.19	120.71	112.01	76.35	140.61	165.02	107.7	88.77	78.39	90.54	94.65	97.39	86.64	96.1	93.97	197.59	165.52	138.87	119.26	172.24	102.57	231.24	131.87	212.65	100.67	83.67	162.47	173.23	106.06	118.13	91.36	87.62
N	2369.14	1600.44	1859.91	1359.57	2218.58	1714.39	2179.52	1226.75	2949.65	1606.22	2631.72	1678.54	1724.12	1576.89	1966.79	2020.17	2379.29	2195.96	2435.86	1687.1	2705.87	1933.68	2136.67	1917.65	1676.68	1783.74	1588.59	1905.17	1691.09	1473.85	1349.5	1261.48	3265.64	2294	2233.48	1839.04	2420.66	1954.7	2410.47	1684.88	1916.27	2341.23	2862.28	1779.58	2573.83	2211.54	3194.46	1960.57
NOU	63.2	101.4	54.42	70.42	68.08	83.61	64.47	113.99	100.67	25.81	126.22	55.93	72.28	55.63	65.24	48.67	101.85	78.25	56.12	67.23	90.12	66.62	78	99.66	65.07	54.47	44.57	65.89	47.9	84.96	53.95	79.95	117.67	91.33	55.14	106.64	116.14	113.55	82.67	92.08	41.79	51.41	97.41	69.13	87.87	69.19	100.03	37.22
NT	124.99	162.64	172.42	170.12	164.41	130.97	61.74	48.35	279.08	140.51	125.61	54.58	30.2	36.98	59.46	99.65	155.58	89.73	106.12	83.44	168.12	53.48	111.65	120.15	52.69	46.17	105.82	161.56	31.94	61.59	78.32	119.15	223.27	124.57	111.45	106.25	181.07	96.02	93.72	95.22	125.8	174.64	185.72	171.03	150	113.95	207.53	106.58
NU	826.68	883.19	1153.31	988.87	1087.43	941.22	1488.18	671.02	1106.08	752.85	1312.23	658.43	1177.46	897.02	1072.42	760.38	1033.36	846.46	1395.88	892.97	1060.05	810.98	1386.26	850.08	927.47	792.56	901.53	711.47	1058.31	794.94	1161.34	890.44	1223.53	994.99	1199.09	1062.32	1165.46	855.92	1775.05	931.95	803.12	802.65	1139.32	730.83	1292.66	994.87	1864.73	852
O	32026.67	32868.39	29663.02	29401.7	32528.41	35305.54	31273.83	33246.67	28716.91	29839.7	32044.41	32519.92	32466.35	32100.7	31606.4	31450.07	31376.24	31252.93	30768.8	32925.61	31073.87	32665.72	32463.97	34893.36	33781.95	32476.01	33104.94	41838.76	33055.17	33328.96	34995.82	31292.25	31343.48	31553.66	32183.84	33528.04	30718.09	34026.02	28753.67	33622.12	32967.32	31845.55	31648.39	36659.42	31165.75	31651.67	30685.93	38150.66
OT	19.72	37.49	35.92	69.43	8.89	70.74	31.95	6.34	36.01	30.14	8.37	7.66	0	0	5.77	10.43	29.76	21.02	19.98	0	30.66	13.13	24.99	8.21	4.73	11.85	24.08	19.71	5.02	101.19	9.58	34.43	70.99	32.69	45.85	72.51	26.1	47.8	17.66	32.94	15.94	5.24	15.25	16.61	9.37	5.67	22.05	3.59
OU	505.5	565.34	556.78	442.32	451.82	519.15	450.85	438.62	484.73	523.48	475.75	477.7	502.95	526.94	559.61	338.8	506.41	485.54	421.23	466.99	433.13	579.52	543.92	499.7	496.39	510.95	557.18	349.3	541.21	584.16	578.15	506.65	522.28	478.04	450.62	534.82	461.86	455.72	438.77	477.48	627.23	412.37	415.06	358.02	466.4	475.36	376.34	463.7
P	44284.68	45372.21	37602.05	37593.99	38907.68	43825.69	36081.23	45740.68	38276.71	39951.23	38287.01	46140.06	39370.94	42910.62	38986.39	45554.27	41987.25	44381.04	38314.34	45023.19	42554.11	44317.63	40292.52	42691.62	42439.3	43432.73	44848.09	40759.66	42152.62	44458.41	40288.59	37644.17	43785.1	43411.42	41253.96	46389.72	39638.91	43491.48	29831.31	47318.39	44214.97	44803.51	39919.14	41327.45	39676.18	44777.6	38457.86	42098.02
PQ	1.13	10.23	0	7.36	0	0	6.07	6.66	12.77	11.61	0	7.86	0	0	0	5.18	2.14	14.19	2.99	5.49	0	8.1	0	8.27	0	0	10.07	13.13	1.61	11.13	0	0	5.62	0	6.15	0	3.59	0	0	2.08	5.55	6.97	2.61	0	6.48	24.7	0	27.64
Q	5754.75	5730.79	4897.18	4998.41	5105.24	6008.52	4589.61	5618.08	6481.78	5305.68	5253.55	6168.57	4819.58	5948.05	5145.32	6829	6299.51	6824.5	5638.68	5752.97	6161.18	6005.82	5999.53	5954.96	6060.62	6246.52	6079.13	5467.95	5390.12	5791.84	5412.79	4701.06	6645.44	6428.17	6006.05	6440.72	5498.68	6134.05	4510.53	6285.86	5771.79	6403.34	6476.83	6174.7	5769.9	6612.77	5875.81	5548.47
S	310472.29	311866.1	360322.01	394241.76	334215.13	312099.82	345109.59	310687.32	347791.21	373290.6	327941.82	311489.84	339353.45	329711.69	340545.18	299746.26	320854.11	321308.02	336390.07	309572.44	314519.8	307804.34	323123.11	302729.99	322016.2	314577.14	320812.9	296788.74	320370.68	317382.99	337677.29	384757.63	305630.98	314880.11	324710.36	303816.83	327595.55	312650.64	379633.72	302836.53	317078.86	312638.94	318760.42	311888.85	328463.36	308271.99	330949.71	305766.81
T	25496.91	23685.43	22732.91	24370.65	23999.6	26854.21	21623.65	26553.13	24676.03	20990.68	24675.91	29242.36	22765.43	24105.37	23603.32	28452.3	26546.61	26179.13	28186.26	30767.08	29641.43	23873.33	27192.2	35318.71	27530.81	26256.82	28806.54	56138.78	26970.61	23916.12	27646.42	28597.73	28314.46	26449.85	24331.99	25399.24	23958.13	30204.29	18927.06	26633.78	28093.95	28589.83	27639.87	41622.52	27263.59	26534.42	26706.51	45335.72
U	12586.24	12089.51	11771.45	14788.82	11631.93	12773.28	11661.78	11823.2	12856.55	12854.89	11965.6	12705.44	11533.92	11914.89	11761.97	11265.76	11506.95	12077.19	11222.89	12600.33	11775.75	12294.1	11869.7	13662.75	11246.95	11918.15	10997.15	15857.81	11579.88	12271.2	12431.09	14488.08	12293.99	12267.56	11930.97	12441.27	12423.44	13543.46	10231.54	12745.13	12061.82	11764.6	11760.16	14311.61	11930.29	12604	11819.22	14845.81
UW	33.34	393.64	272.3	931.01	53.27	236.88	103.96	60.93	47.24	242.14	34.02	95.41	10.46	55.25	6.23	67.24	51.73	181.73	21.14	45.96	42.1	308.8	10.41	93.17	14.14	130.9	15.2	60.73	26.87	189.85	294.1	593.32	219.37	208.77	190.07	538.14	93.87	347.11	140.64	335.03	24.35	70.07	26.03	67.42	34.14	118.49	51.3	52.65
V	24099.6	24037.8	21589.71	18786.55	22977.71	25026.6	22480.23	23806.48	21804.49	21512.02	23495	24752.25	21186.81	24723.1	22393.32	27879.88	24577.89	25188.5	24447.6	25878.57	24080.9	26083.31	22659.61	26276.75	21598.7	25087.15	22058.94	22880.94	22295.56	24914.71	21645.03	19309.16	25005.09	25617.66	23770.08	24353.97	23209.88	24772.03	22638.53	24261.96	22336.93	26683.43	25324.77	26047.5	24153.18	25954.09	22918.23	25010.05
Y	0	0	7.92	24.68	3.3	19.31	5.78	4.67	0	0	0	4.61	7.32	0	0	0	0	0	9.07	9.94	4.55	2.79	0	31.04	2.73	8.63	6.8	60.41	0	0	14.93	19.7	0	3.6	11.28	2.44	0	20.13	3.86	3.24	1.56	7.89	0	8.42	0	0	0	53.13
Z	46.86	134.28	900.79	2881.69	406.99	1459.75	440.7	579.65	1064.47	1482.61	105.04	1105.23	385.99	680.82	447.29	542.08	73.69	277.93	820.27	1908.94	356.03	211.86	162.26	3215.1	470.3	411.6	303.78	10139.41	81.27	344.82	1949.79	3518.46	55.44	558.73	474.45	542.74	139.73	2470.11	572.66	672.02	230.42	388.45	175.9	4899.79	291.55	199.46	176.66	6818.39
